"date","district","case_isolation","case_screen","case_asym","asym_isolation","asym_screen","case","asym","pos","pos_real","cum_case_isolation","cum_case_screen","cum_case_asym","cum_case","cum_asym_isolation","cum_asym_screen","cum_asym","cum_pos","cum_pos_real"
"2022-03-09","宝山区",0,0,0,2,0,0,2,2,2,0,0,0,0,2,0,2,2,2
"2022-03-10","宝山区",0,0,0,10,0,0,10,10,10,0,0,0,0,12,0,12,12,12
"2022-03-11","宝山区",1,1,0,6,1,2,7,9,9,1,1,0,2,18,1,19,21,21
"2022-03-12","宝山区",0,0,0,3,0,0,3,3,3,1,1,0,2,21,1,22,24,24
"2022-03-13","宝山区",0,0,0,3,0,0,3,3,3,1,1,0,2,24,1,25,27,27
"2022-03-14","宝山区",0,0,0,1,1,0,2,2,2,1,1,0,2,25,2,27,29,29
"2022-03-15","宝山区",0,0,0,7,4,0,11,11,11,1,1,0,2,32,6,38,40,40
"2022-03-16","宝山区",0,0,0,7,3,0,10,10,10,1,1,0,2,39,9,48,50,50
"2022-03-17","宝山区",0,5,0,2,7,5,9,14,14,1,6,0,7,41,16,57,64,64
"2022-03-18","宝山区",1,0,0,17,9,1,26,27,27,2,6,0,8,58,25,83,91,91
"2022-03-19","宝山区",1,0,0,13,3,1,16,17,17,3,6,0,9,71,28,99,108,108
"2022-03-20","宝山区",0,0,0,11,2,0,13,13,13,3,6,0,9,82,30,112,121,121
"2022-03-21","宝山区",0,0,0,61,6,0,67,67,67,3,6,0,9,143,36,179,188,188
"2022-03-22","宝山区",0,0,0,11,5,0,16,16,16,3,6,0,9,154,41,195,204,204
"2022-03-23","宝山区",0,0,0,52,17,0,69,69,69,3,6,0,9,206,58,264,273,273
"2022-03-24","宝山区",0,3,0,83,1,3,84,87,87,3,9,0,12,289,59,348,360,360
"2022-03-25","宝山区",0,0,0,3,1,0,4,4,4,3,9,0,12,292,60,352,364,364
"2022-03-26","宝山区",1,5,0,128,19,6,147,153,153,4,14,0,18,420,79,499,517,517
"2022-03-27","宝山区",0,5,0,74,15,5,89,94,94,4,19,0,23,494,94,588,611,611
"2022-03-28","宝山区",1,7,0,291,12,8,303,311,311,5,26,0,31,785,106,891,922,922
"2022-03-29","宝山区",1,30,2,270,60,33,330,363,361,6,56,2,64,1055,166,1221,1285,1283
"2022-03-30","宝山区",0,1,0,485,18,1,503,504,504,6,57,2,65,1540,184,1724,1789,1787
"2022-03-31","宝山区",0,4,0,5,8,4,13,17,17,6,61,2,69,1545,192,1737,1806,1804
"2022-04-01","宝山区",0,9,1,16,19,10,35,45,44,6,70,3,79,1561,211,1772,1851,1848
"2022-04-02","宝山区",1,28,6,396,54,35,450,485,479,7,98,9,114,1957,265,2222,2336,2327
"2022-04-03","宝山区",1,22,9,371,64,32,435,467,458,8,120,18,146,2328,329,2657,2803,2785
"2022-04-04","宝山区",0,1,0,262,2,1,264,265,265,8,121,18,147,2590,331,2921,3068,3050
"2022-04-05","宝山区",1,5,1,533,14,7,547,554,553,9,126,19,154,3123,345,3468,3622,3603
"2022-04-06","宝山区",0,9,0,634,17,9,651,660,660,9,135,19,163,3757,362,4119,4282,4263
"2022-04-07","宝山区",0,4,5,401,4,9,405,414,409,9,139,24,172,4158,366,4524,4696,4672
"2022-04-08","宝山区",1,6,22,2777,15,29,2792,2821,2799,10,145,46,201,6935,381,7316,7517,7471
"2022-04-09","宝山区",2,23,11,2211,14,36,2225,2261,2250,12,168,57,237,9146,395,9541,9778,9721
"2022-04-10","宝山区",3,16,2,1804,14,21,1818,1839,1837,15,184,59,258,10950,409,11359,11617,11558
"2022-04-11","宝山区",0,3,44,968,9,47,977,1024,980,15,187,103,305,11918,418,12336,12641,12538
"2022-04-12","宝山区",2,14,0,265,14,16,279,295,295,17,201,103,321,12183,432,12615,12936,12833
"2022-04-13","宝山区",1,11,1,632,6,13,638,651,650,18,212,104,334,12815,438,13253,13587,13483
"2022-04-14","宝山区",29,19,2,366,1,50,367,417,415,47,231,106,384,13181,439,13620,14004,13898
"2022-04-15","宝山区",18,3,53,1248,1,74,1249,1323,1270,65,234,159,458,14429,440,14869,15327,15168
"2022-04-16","宝山区",40,7,4,1235,7,51,1242,1293,1289,105,241,163,509,15664,447,16111,16620,16457
"2022-04-17","宝山区",70,7,8,1361,4,85,1365,1450,1442,175,248,171,594,17025,451,17476,18070,17899
"2022-04-18","宝山区",94,9,100,823,4,203,827,1030,930,269,257,271,797,17848,455,18303,19100,18829
"2022-04-19","宝山区",35,4,2,916,0,41,916,957,955,304,261,273,838,18764,455,19219,20057,19784
"2022-04-20","宝山区",76,20,11,718,8,107,726,833,822,380,281,284,945,19482,463,19945,20890,20606
"2022-04-21","宝山区",123,10,3,839,3,136,842,978,975,503,291,287,1081,20321,466,20787,21868,21581
"2022-04-22","宝山区",116,6,57,1836,18,179,1854,2033,1976,619,297,344,1260,22157,484,22641,23901,23557
"2022-04-23","宝山区",126,7,2,2721,30,135,2751,2886,2884,745,304,346,1395,24878,514,25392,26787,26441
"2022-04-24","宝山区",123,2,10,2356,15,135,2371,2506,2496,868,306,356,1530,27234,529,27763,29293,28937
"2022-04-25","宝山区",140,11,65,1546,24,216,1570,1786,1721,1008,317,421,1746,28780,553,29333,31079,30658
"2022-04-26","宝山区",19,1,275,1658,23,295,1681,1976,1701,1027,318,696,2041,30438,576,31014,33055,32359
"2022-04-27","宝山区",19,0,33,1045,18,52,1063,1115,1082,1046,318,729,2093,31483,594,32077,34170,33441
"2022-04-28","宝山区",16,0,261,945,21,277,966,1243,982,1062,318,990,2370,32428,615,33043,35413,34423
"2022-04-29","宝山区",26,0,104,1067,0,130,1067,1197,1093,1088,318,1094,2500,33495,615,34110,36610,35516
"2022-04-30","宝山区",24,0,88,1021,0,112,1021,1133,1045,1112,318,1182,2612,34516,615,35131,37743,36561
"2022-05-01","宝山区",21,0,73,878,11,94,889,983,910,1133,318,1255,2706,35394,626,36020,38726,37471
"2022-05-02","宝山区",17,2,14,591,12,33,603,636,622,1150,320,1269,2739,35985,638,36623,39362,38093
"2022-05-03","宝山区",16,0,18,580,6,34,586,620,602,1166,320,1287,2773,36565,644,37209,39982,38695
"2022-05-04","宝山区",5,0,14,436,4,19,440,459,445,1171,320,1301,2792,37001,648,37649,40441,39140
"2022-05-05","宝山区",8,0,11,479,2,19,481,500,489,1179,320,1312,2811,37480,650,38130,40941,39629
"2022-05-06","宝山区",3,0,18,479,2,21,481,502,484,1182,320,1330,2832,37959,652,38611,41443,40113
"2022-05-07","宝山区",13,0,20,312,0,33,312,345,325,1195,320,1350,2865,38271,652,38923,41788,40438
"2022-05-08","宝山区",8,0,17,307,0,25,307,332,315,1203,320,1367,2890,38578,652,39230,42120,40753
"2022-05-09","宝山区",7,0,18,137,0,25,137,162,144,1210,320,1385,2915,38715,652,39367,42282,40897
"2022-05-10","宝山区",1,0,10,131,0,11,131,142,132,1211,320,1395,2926,38846,652,39498,42424,41029
"2022-05-11","宝山区",7,0,4,118,0,11,118,129,125,1218,320,1399,2937,38964,652,39616,42553,41154
"2022-05-12","宝山区",7,0,12,155,0,19,155,174,162,1225,320,1411,2956,39119,652,39771,42727,41316
"2022-05-13","宝山区",7,0,2,145,0,9,145,154,152,1232,320,1413,2965,39264,652,39916,42881,41468
"2022-05-14","宝山区",8,0,11,98,0,19,98,117,106,1240,320,1424,2984,39362,652,40014,42998,41574
"2022-05-15","宝山区",2,0,3,78,0,5,78,83,80,1242,320,1427,2989,39440,652,40092,43081,41654
"2022-05-16","宝山区",5,0,2,71,0,7,71,78,76,1247,320,1429,2996,39511,652,40163,43159,41730
"2022-05-17","宝山区",7,0,2,64,0,9,64,73,71,1254,320,1431,3005,39575,652,40227,43232,41801
"2022-05-18","宝山区",2,0,0,43,0,2,43,45,45,1256,320,1431,3007,39618,652,40270,43277,41846
"2022-05-19","宝山区",2,0,9,38,0,11,38,49,40,1258,320,1440,3018,39656,652,40308,43326,41886
"2022-05-20","宝山区",0,0,2,34,0,2,34,36,34,1258,320,1442,3020,39690,652,40342,43362,41920
"2022-05-21","宝山区",3,0,0,31,0,3,31,34,34,1261,320,1442,3023,39721,652,40373,43396,41954
"2022-05-22","宝山区",5,0,1,28,0,6,28,34,33,1266,320,1443,3029,39749,652,40401,43430,41987
"2022-05-23","宝山区",3,0,3,25,0,6,25,31,28,1269,320,1446,3035,39774,652,40426,43461,42015
"2022-05-24","宝山区",2,0,1,18,0,3,18,21,20,1271,320,1447,3038,39792,652,40444,43482,42035
"2022-05-25","宝山区",4,0,5,19,0,9,19,28,23,1275,320,1452,3047,39811,652,40463,43510,42058
"2022-05-26","宝山区",0,0,3,15,0,3,15,18,15,1275,320,1455,3050,39826,652,40478,43528,42073
"2022-05-27","宝山区",3,0,3,6,0,6,6,12,9,1278,320,1458,3056,39832,652,40484,43540,42082
"2022-05-28","宝山区",5,0,1,5,0,6,5,11,10,1283,320,1459,3062,39837,652,40489,43551,42092
"2022-05-29","宝山区",0,0,0,5,0,0,5,5,5,1283,320,1459,3062,39842,652,40494,43556,42097
"2022-05-30","宝山区",0,0,0,0,0,0,0,0,0,1283,320,1459,3062,39842,652,40494,43556,42097
"2022-05-31","宝山区",0,0,0,0,0,0,0,0,0,1283,320,1459,3062,39842,652,40494,43556,42097
"2022-06-01","宝山区",0,0,0,0,0,0,0,0,0,1283,320,1459,3062,39842,652,40494,43556,42097
"2022-06-02","宝山区",0,0,0,0,0,0,0,0,0,1283,320,1459,3062,39842,652,40494,43556,42097
"2022-06-03","宝山区",0,0,0,0,1,0,1,1,1,1283,320,1459,3062,39842,653,40495,43557,42098
"2022-06-04","宝山区",0,0,0,5,0,0,5,5,5,1283,320,1459,3062,39847,653,40500,43562,42103
"2022-06-05","宝山区",0,1,0,0,0,1,0,1,1,1283,321,1459,3063,39847,653,40500,43563,42104
"2022-06-06","宝山区",0,0,0,0,0,0,0,0,0,1283,321,1459,3063,39847,653,40500,43563,42104
"2022-06-07","宝山区",0,1,0,0,0,1,0,1,1,1283,322,1459,3064,39847,653,40500,43564,42105
"2022-06-08","宝山区",0,0,0,0,0,0,0,0,0,1283,322,1459,3064,39847,653,40500,43564,42105
"2022-06-09","宝山区",0,1,0,0,0,1,0,1,1,1283,323,1459,3065,39847,653,40500,43565,42106
"2022-06-10","宝山区",1,1,0,1,0,2,1,3,3,1284,324,1459,3067,39848,653,40501,43568,42109
"2022-06-11","宝山区",0,0,0,5,0,0,5,5,5,1284,324,1459,3067,39853,653,40506,43573,42114
"2022-06-12","宝山区",0,0,0,5,0,0,5,5,5,1284,324,1459,3067,39858,653,40511,43578,42119
"2022-06-13","宝山区",0,0,0,2,1,0,3,3,3,1284,324,1459,3067,39860,654,40514,43581,42122
"2022-06-14","宝山区",9,1,0,0,0,10,0,10,10,1293,325,1459,3077,39860,654,40514,43591,42132
"2022-06-15","宝山区",1,0,0,1,0,1,1,2,2,1294,325,1459,3078,39861,654,40515,43593,42134
"2022-06-16","宝山区",2,0,0,1,0,2,1,3,3,1296,325,1459,3080,39862,654,40516,43596,42137
"2022-06-17","宝山区",1,0,0,0,0,1,0,1,1,1297,325,1459,3081,39862,654,40516,43597,42138
"2022-06-18","宝山区",0,0,0,0,0,0,0,0,0,1297,325,1459,3081,39862,654,40516,43597,42138
"2022-06-19","宝山区",4,0,0,1,1,4,2,6,6,1301,325,1459,3085,39863,655,40518,43603,42144
"2022-06-20","宝山区",0,0,0,0,0,0,0,0,0,1301,325,1459,3085,39863,655,40518,43603,42144
"2022-06-21","宝山区",0,0,0,0,0,0,0,0,0,1301,325,1459,3085,39863,655,40518,43603,42144
"2022-06-22","宝山区",2,0,0,0,0,2,0,2,2,1303,325,1459,3087,39863,655,40518,43605,42146
"2022-06-23","宝山区",1,0,0,1,0,1,1,2,2,1304,325,1459,3088,39864,655,40519,43607,42148
"2022-06-24","宝山区",0,0,0,0,0,0,0,0,0,1304,325,1459,3088,39864,655,40519,43607,42148
"2022-06-25","宝山区",0,0,0,0,0,0,0,0,0,1304,325,1459,3088,39864,655,40519,43607,42148
"2022-06-26","宝山区",0,0,0,0,0,0,0,0,0,1304,325,1459,3088,39864,655,40519,43607,42148
"2022-06-27","宝山区",0,0,0,0,0,0,0,0,0,1304,325,1459,3088,39864,655,40519,43607,42148
"2022-06-28","宝山区",0,0,0,0,0,0,0,0,0,1304,325,1459,3088,39864,655,40519,43607,42148
"2022-06-29","宝山区",0,0,0,0,0,0,0,0,0,1304,325,1459,3088,39864,655,40519,43607,42148
"2022-06-30","宝山区",0,0,0,0,0,0,0,0,0,1304,325,1459,3088,39864,655,40519,43607,42148
"2022-07-01","宝山区",0,0,0,0,0,0,0,0,0,1304,325,1459,3088,39864,655,40519,43607,42148
"2022-07-02","宝山区",0,0,0,0,0,0,0,0,0,1304,325,1459,3088,39864,655,40519,43607,42148
"2022-07-03","宝山区",0,0,0,0,0,0,0,0,0,1304,325,1459,3088,39864,655,40519,43607,42148
"2022-07-04","宝山区",0,0,0,1,0,0,1,1,1,1304,325,1459,3088,39865,655,40520,43608,42149
"2022-07-05","宝山区",0,0,0,0,0,0,0,0,0,1304,325,1459,3088,39865,655,40520,43608,42149
"2022-07-06","宝山区",9,0,0,2,0,9,2,11,11,1313,325,1459,3097,39867,655,40522,43619,42160
"2022-07-07","宝山区",3,0,0,3,0,3,3,6,6,1316,325,1459,3100,39870,655,40525,43625,42166
"2022-07-08","宝山区",0,0,0,7,0,0,7,7,7,1316,325,1459,3100,39877,655,40532,43632,42173
"2022-07-09","宝山区",0,0,0,8,0,0,8,8,8,1316,325,1459,3100,39885,655,40540,43640,42181
"2022-07-10","宝山区",0,0,0,8,0,0,8,8,8,1316,325,1459,3100,39893,655,40548,43648,42189
"2022-03-09","崇明区",0,0,0,0,0,0,0,0,0,0,0,0,0,0,0,0,0,0
"2022-03-10","崇明区",0,0,0,0,0,0,0,0,0,0,0,0,0,0,0,0,0,0
"2022-03-11","崇明区",0,0,0,0,0,0,0,0,0,0,0,0,0,0,0,0,0,0
"2022-03-12","崇明区",0,0,0,0,0,0,0,0,0,0,0,0,0,0,0,0,0,0
"2022-03-13","崇明区",0,0,0,0,0,0,0,0,0,0,0,0,0,0,0,0,0,0
"2022-03-14","崇明区",0,0,0,0,0,0,0,0,0,0,0,0,0,0,0,0,0,0
"2022-03-15","崇明区",0,0,0,0,0,0,0,0,0,0,0,0,0,0,0,0,0,0
"2022-03-16","崇明区",0,0,0,0,0,0,0,0,0,0,0,0,0,0,0,0,0,0
"2022-03-17","崇明区",0,0,0,0,3,0,3,3,3,0,0,0,0,0,3,3,3,3
"2022-03-18","崇明区",0,0,0,0,0,0,0,0,0,0,0,0,0,0,3,3,3,3
"2022-03-19","崇明区",1,0,0,22,0,1,22,23,23,1,0,0,1,22,3,25,26,26
"2022-03-20","崇明区",0,0,0,12,0,0,12,12,12,1,0,0,1,34,3,37,38,38
"2022-03-21","崇明区",1,1,0,34,4,2,38,40,40,2,1,0,3,68,7,75,78,78
"2022-03-22","崇明区",0,0,0,19,0,0,19,19,19,2,1,0,3,87,7,94,97,97
"2022-03-23","崇明区",0,0,0,52,2,0,54,54,54,2,1,0,3,139,9,148,151,151
"2022-03-24","崇明区",0,0,0,82,0,0,82,82,82,2,1,0,3,221,9,230,233,233
"2022-03-25","崇明区",0,0,0,41,0,0,41,41,41,2,1,0,3,262,9,271,274,274
"2022-03-26","崇明区",0,0,0,26,1,0,27,27,27,2,1,0,3,288,10,298,301,301
"2022-03-27","崇明区",0,0,0,236,0,0,236,236,236,2,1,0,3,524,10,534,537,537
"2022-03-28","崇明区",0,0,0,67,0,0,67,67,67,2,1,0,3,591,10,601,604,604
"2022-03-29","崇明区",0,1,0,53,1,1,54,55,55,2,2,0,4,644,11,655,659,659
"2022-03-30","崇明区",0,0,0,191,2,0,193,193,193,2,2,0,4,835,13,848,852,852
"2022-03-31","崇明区",0,1,0,27,16,1,43,44,44,2,3,0,5,862,29,891,896,896
"2022-04-01","崇明区",0,1,0,83,0,1,83,84,84,2,4,0,6,945,29,974,980,980
"2022-04-02","崇明区",0,0,3,110,0,3,110,113,110,2,4,3,9,1055,29,1084,1093,1090
"2022-04-03","崇明区",0,1,0,163,1,1,164,165,165,2,5,3,10,1218,30,1248,1258,1255
"2022-04-04","崇明区",0,0,0,47,0,0,47,47,47,2,5,3,10,1265,30,1295,1305,1302
"2022-04-05","崇明区",0,0,2,76,1,2,77,79,77,2,5,5,12,1341,31,1372,1384,1379
"2022-04-06","崇明区",0,0,0,62,1,0,63,63,63,2,5,5,12,1403,32,1435,1447,1442
"2022-04-07","崇明区",0,0,2,259,1,2,260,262,260,2,5,7,14,1662,33,1695,1709,1702
"2022-04-08","崇明区",0,2,1,165,2,3,167,170,169,2,7,8,17,1827,35,1862,1879,1871
"2022-04-09","崇明区",2,1,1,167,0,4,167,171,170,4,8,9,21,1994,35,2029,2050,2041
"2022-04-10","崇明区",0,0,0,53,2,0,55,55,55,4,8,9,21,2047,37,2084,2105,2096
"2022-04-11","崇明区",3,0,3,50,1,6,51,57,54,7,8,12,27,2097,38,2135,2162,2150
"2022-04-12","崇明区",16,13,0,51,6,29,57,86,86,23,21,12,56,2148,44,2192,2248,2236
"2022-04-13","崇明区",6,1,0,47,9,7,56,63,63,29,22,12,63,2195,53,2248,2311,2299
"2022-04-14","崇明区",25,3,1,29,2,29,31,60,59,54,25,13,92,2224,55,2279,2371,2358
"2022-04-15","崇明区",48,1,2,34,7,51,41,92,90,102,26,15,143,2258,62,2320,2463,2448
"2022-04-16","崇明区",7,3,3,19,17,13,36,49,46,109,29,18,156,2277,79,2356,2512,2494
"2022-04-17","崇明区",8,1,0,22,21,9,43,52,52,117,30,18,165,2299,100,2399,2564,2546
"2022-04-18","崇明区",0,3,2,18,3,5,21,26,24,117,33,20,170,2317,103,2420,2590,2570
"2022-04-19","崇明区",20,0,5,55,0,25,55,80,75,137,33,25,195,2372,103,2475,2670,2645
"2022-04-20","崇明区",7,0,1,57,0,8,57,65,64,144,33,26,203,2429,103,2532,2735,2709
"2022-04-21","崇明区",19,0,5,96,0,24,96,120,115,163,33,31,227,2525,103,2628,2855,2824
"2022-04-22","崇明区",9,0,5,103,0,14,103,117,112,172,33,36,241,2628,103,2731,2972,2936
"2022-04-23","崇明区",25,0,1,181,1,26,182,208,207,197,33,37,267,2809,104,2913,3180,3143
"2022-04-24","崇明区",27,0,0,68,0,27,68,95,95,224,33,37,294,2877,104,2981,3275,3238
"2022-04-25","崇明区",36,0,0,438,0,36,438,474,474,260,33,37,330,3315,104,3419,3749,3712
"2022-04-26","崇明区",2,0,12,453,0,14,453,467,455,262,33,49,344,3768,104,3872,4216,4167
"2022-04-27","崇明区",21,0,5,173,0,26,173,199,194,283,33,54,370,3941,104,4045,4415,4361
"2022-04-28","崇明区",2,0,1,35,0,3,35,38,37,285,33,55,373,3976,104,4080,4453,4398
"2022-04-29","崇明区",0,0,0,269,0,0,269,269,269,285,33,55,373,4245,104,4349,4722,4667
"2022-04-30","崇明区",0,0,1,307,0,1,307,308,307,285,33,56,374,4552,104,4656,5030,4974
"2022-05-01","崇明区",1,0,0,75,0,1,75,76,76,286,33,56,375,4627,104,4731,5106,5050
"2022-05-02","崇明区",0,0,0,134,1,0,135,135,135,286,33,56,375,4761,105,4866,5241,5185
"2022-05-03","崇明区",0,0,0,98,1,0,99,99,99,286,33,56,375,4859,106,4965,5340,5284
"2022-05-04","崇明区",0,0,1,55,0,1,55,56,55,286,33,57,376,4914,106,5020,5396,5339
"2022-05-05","崇明区",1,0,2,47,0,3,47,50,48,287,33,59,379,4961,106,5067,5446,5387
"2022-05-06","崇明区",0,0,1,99,0,1,99,100,99,287,33,60,380,5060,106,5166,5546,5486
"2022-05-07","崇明区",0,0,0,51,0,0,51,51,51,287,33,60,380,5111,106,5217,5597,5537
"2022-05-08","崇明区",0,0,3,13,0,3,13,16,13,287,33,63,383,5124,106,5230,5613,5550
"2022-05-09","崇明区",0,0,3,6,0,3,6,9,6,287,33,66,386,5130,106,5236,5622,5556
"2022-05-10","崇明区",0,0,0,8,0,0,8,8,8,287,33,66,386,5138,106,5244,5630,5564
"2022-05-11","崇明区",0,0,0,4,0,0,4,4,4,287,33,66,386,5142,106,5248,5634,5568
"2022-05-12","崇明区",0,0,3,6,0,3,6,9,6,287,33,69,389,5148,106,5254,5643,5574
"2022-05-13","崇明区",0,0,0,2,1,0,3,3,3,287,33,69,389,5150,107,5257,5646,5577
"2022-05-14","崇明区",0,0,0,1,0,0,1,1,1,287,33,69,389,5151,107,5258,5647,5578
"2022-05-15","崇明区",0,0,0,0,0,0,0,0,0,287,33,69,389,5151,107,5258,5647,5578
"2022-05-16","崇明区",0,0,0,0,0,0,0,0,0,287,33,69,389,5151,107,5258,5647,5578
"2022-05-17","崇明区",0,0,0,0,0,0,0,0,0,287,33,69,389,5151,107,5258,5647,5578
"2022-05-18","崇明区",0,0,0,0,0,0,0,0,0,287,33,69,389,5151,107,5258,5647,5578
"2022-05-19","崇明区",0,0,3,0,0,3,0,3,0,287,33,72,392,5151,107,5258,5650,5578
"2022-05-20","崇明区",0,0,0,0,0,0,0,0,0,287,33,72,392,5151,107,5258,5650,5578
"2022-05-21","崇明区",0,0,0,0,0,0,0,0,0,287,33,72,392,5151,107,5258,5650,5578
"2022-05-22","崇明区",0,0,0,0,0,0,0,0,0,287,33,72,392,5151,107,5258,5650,5578
"2022-05-23","崇明区",0,0,0,0,0,0,0,0,0,287,33,72,392,5151,107,5258,5650,5578
"2022-05-24","崇明区",0,0,0,0,0,0,0,0,0,287,33,72,392,5151,107,5258,5650,5578
"2022-05-25","崇明区",0,0,0,0,0,0,0,0,0,287,33,72,392,5151,107,5258,5650,5578
"2022-05-26","崇明区",0,0,0,0,0,0,0,0,0,287,33,72,392,5151,107,5258,5650,5578
"2022-05-27","崇明区",0,0,0,0,0,0,0,0,0,287,33,72,392,5151,107,5258,5650,5578
"2022-05-28","崇明区",0,0,0,0,0,0,0,0,0,287,33,72,392,5151,107,5258,5650,5578
"2022-05-29","崇明区",0,0,0,0,0,0,0,0,0,287,33,72,392,5151,107,5258,5650,5578
"2022-05-30","崇明区",0,0,0,0,0,0,0,0,0,287,33,72,392,5151,107,5258,5650,5578
"2022-05-31","崇明区",0,0,0,0,0,0,0,0,0,287,33,72,392,5151,107,5258,5650,5578
"2022-06-01","崇明区",0,0,0,0,0,0,0,0,0,287,33,72,392,5151,107,5258,5650,5578
"2022-06-02","崇明区",0,0,0,0,0,0,0,0,0,287,33,72,392,5151,107,5258,5650,5578
"2022-06-03","崇明区",0,0,0,0,0,0,0,0,0,287,33,72,392,5151,107,5258,5650,5578
"2022-06-04","崇明区",0,0,0,0,0,0,0,0,0,287,33,72,392,5151,107,5258,5650,5578
"2022-06-05","崇明区",0,0,0,0,0,0,0,0,0,287,33,72,392,5151,107,5258,5650,5578
"2022-06-06","崇明区",0,0,0,0,0,0,0,0,0,287,33,72,392,5151,107,5258,5650,5578
"2022-06-07","崇明区",0,0,0,0,0,0,0,0,0,287,33,72,392,5151,107,5258,5650,5578
"2022-06-08","崇明区",0,0,0,0,0,0,0,0,0,287,33,72,392,5151,107,5258,5650,5578
"2022-06-09","崇明区",0,0,0,0,0,0,0,0,0,287,33,72,392,5151,107,5258,5650,5578
"2022-06-10","崇明区",0,0,0,0,0,0,0,0,0,287,33,72,392,5151,107,5258,5650,5578
"2022-06-11","崇明区",0,0,0,0,0,0,0,0,0,287,33,72,392,5151,107,5258,5650,5578
"2022-06-12","崇明区",0,0,0,0,1,0,1,1,1,287,33,72,392,5151,108,5259,5651,5579
"2022-06-13","崇明区",0,0,0,0,0,0,0,0,0,287,33,72,392,5151,108,5259,5651,5579
"2022-06-14","崇明区",0,0,0,0,0,0,0,0,0,287,33,72,392,5151,108,5259,5651,5579
"2022-06-15","崇明区",0,0,0,0,0,0,0,0,0,287,33,72,392,5151,108,5259,5651,5579
"2022-06-16","崇明区",0,0,0,0,0,0,0,0,0,287,33,72,392,5151,108,5259,5651,5579
"2022-06-17","崇明区",0,0,0,0,0,0,0,0,0,287,33,72,392,5151,108,5259,5651,5579
"2022-06-18","崇明区",0,0,0,0,0,0,0,0,0,287,33,72,392,5151,108,5259,5651,5579
"2022-06-19","崇明区",0,0,0,0,0,0,0,0,0,287,33,72,392,5151,108,5259,5651,5579
"2022-06-20","崇明区",0,0,0,0,0,0,0,0,0,287,33,72,392,5151,108,5259,5651,5579
"2022-06-21","崇明区",0,0,0,0,0,0,0,0,0,287,33,72,392,5151,108,5259,5651,5579
"2022-06-22","崇明区",0,0,0,0,0,0,0,0,0,287,33,72,392,5151,108,5259,5651,5579
"2022-06-23","崇明区",0,0,0,0,0,0,0,0,0,287,33,72,392,5151,108,5259,5651,5579
"2022-06-24","崇明区",0,0,0,0,0,0,0,0,0,287,33,72,392,5151,108,5259,5651,5579
"2022-06-25","崇明区",0,0,0,0,0,0,0,0,0,287,33,72,392,5151,108,5259,5651,5579
"2022-06-26","崇明区",0,0,0,0,0,0,0,0,0,287,33,72,392,5151,108,5259,5651,5579
"2022-06-27","崇明区",0,0,0,0,0,0,0,0,0,287,33,72,392,5151,108,5259,5651,5579
"2022-06-28","崇明区",0,0,0,0,0,0,0,0,0,287,33,72,392,5151,108,5259,5651,5579
"2022-06-29","崇明区",0,0,0,0,0,0,0,0,0,287,33,72,392,5151,108,5259,5651,5579
"2022-06-30","崇明区",0,0,0,0,0,0,0,0,0,287,33,72,392,5151,108,5259,5651,5579
"2022-07-01","崇明区",0,0,0,0,0,0,0,0,0,287,33,72,392,5151,108,5259,5651,5579
"2022-07-02","崇明区",0,0,0,0,0,0,0,0,0,287,33,72,392,5151,108,5259,5651,5579
"2022-07-03","崇明区",0,0,0,0,0,0,0,0,0,287,33,72,392,5151,108,5259,5651,5579
"2022-07-04","崇明区",0,0,0,0,0,0,0,0,0,287,33,72,392,5151,108,5259,5651,5579
"2022-07-05","崇明区",0,0,0,0,0,0,0,0,0,287,33,72,392,5151,108,5259,5651,5579
"2022-07-06","崇明区",0,0,0,0,0,0,0,0,0,287,33,72,392,5151,108,5259,5651,5579
"2022-07-07","崇明区",0,0,0,0,0,0,0,0,0,287,33,72,392,5151,108,5259,5651,5579
"2022-07-08","崇明区",0,0,0,0,0,0,0,0,0,287,33,72,392,5151,108,5259,5651,5579
"2022-07-09","崇明区",0,0,0,0,0,0,0,0,0,287,33,72,392,5151,108,5259,5651,5579
"2022-07-10","崇明区",0,0,0,0,0,0,0,0,0,287,33,72,392,5151,108,5259,5651,5579
"2022-03-09","奉贤区",0,0,0,1,0,0,1,1,1,0,0,0,0,1,0,1,1,1
"2022-03-10","奉贤区",0,0,0,0,0,0,0,0,0,0,0,0,0,1,0,1,1,1
"2022-03-11","奉贤区",0,0,0,0,1,0,1,1,1,0,0,0,0,1,1,2,2,2
"2022-03-12","奉贤区",0,0,0,0,0,0,0,0,0,0,0,0,0,1,1,2,2,2
"2022-03-13","奉贤区",0,1,0,1,0,1,1,2,2,0,1,0,1,2,1,3,4,4
"2022-03-14","奉贤区",0,0,0,2,1,0,3,3,3,0,1,0,1,4,2,6,7,7
"2022-03-15","奉贤区",1,0,0,4,0,1,4,5,5,1,1,0,2,8,2,10,12,12
"2022-03-16","奉贤区",0,0,0,2,0,0,2,2,2,1,1,0,2,10,2,12,14,14
"2022-03-17","奉贤区",0,0,0,1,1,0,2,2,2,1,1,0,2,11,3,14,16,16
"2022-03-18","奉贤区",0,0,0,1,6,0,7,7,7,1,1,0,2,12,9,21,23,23
"2022-03-19","奉贤区",0,0,0,4,2,0,6,6,6,1,1,0,2,16,11,27,29,29
"2022-03-20","奉贤区",0,0,0,12,1,0,13,13,13,1,1,0,2,28,12,40,42,42
"2022-03-21","奉贤区",1,0,0,18,3,1,21,22,22,2,1,0,3,46,15,61,64,64
"2022-03-22","奉贤区",0,0,0,7,1,0,8,8,8,2,1,0,3,53,16,69,72,72
"2022-03-23","奉贤区",1,0,0,11,0,1,11,12,12,3,1,0,4,64,16,80,84,84
"2022-03-24","奉贤区",0,0,0,18,6,0,24,24,24,3,1,0,4,82,22,104,108,108
"2022-03-25","奉贤区",0,0,0,0,0,0,0,0,0,3,1,0,4,82,22,104,108,108
"2022-03-26","奉贤区",0,0,0,81,3,0,84,84,84,3,1,0,4,163,25,188,192,192
"2022-03-27","奉贤区",0,0,0,40,5,0,45,45,45,3,1,0,4,203,30,233,237,237
"2022-03-28","奉贤区",0,0,0,100,15,0,115,115,115,3,1,0,4,303,45,348,352,352
"2022-03-29","奉贤区",0,1,0,77,18,1,95,96,96,3,2,0,5,380,63,443,448,448
"2022-03-30","奉贤区",0,4,3,63,60,7,123,130,127,3,6,3,12,443,123,566,578,575
"2022-03-31","奉贤区",0,5,0,173,5,5,178,183,183,3,11,3,17,616,128,744,761,758
"2022-04-01","奉贤区",0,2,0,156,3,2,159,161,161,3,13,3,19,772,131,903,922,919
"2022-04-02","奉贤区",1,5,2,146,3,8,149,157,155,4,18,5,27,918,134,1052,1079,1074
"2022-04-03","奉贤区",0,3,1,105,10,4,115,119,118,4,21,6,31,1023,144,1167,1198,1192
"2022-04-04","奉贤区",0,2,0,60,2,2,62,64,64,4,23,6,33,1083,146,1229,1262,1256
"2022-04-05","奉贤区",0,2,0,138,4,2,142,144,144,4,25,6,35,1221,150,1371,1406,1400
"2022-04-06","奉贤区",0,0,0,272,6,0,278,278,278,4,25,6,35,1493,156,1649,1684,1678
"2022-04-07","奉贤区",26,1,4,60,1,31,61,92,88,30,26,10,66,1553,157,1710,1776,1766
"2022-04-08","奉贤区",0,1,11,83,2,12,85,97,86,30,27,21,78,1636,159,1795,1873,1852
"2022-04-09","奉贤区",0,1,12,106,5,13,111,124,112,30,28,33,91,1742,164,1906,1997,1964
"2022-04-10","奉贤区",8,3,0,23,4,11,27,38,38,38,31,33,102,1765,168,1933,2035,2002
"2022-04-11","奉贤区",0,0,4,64,0,4,64,68,64,38,31,37,106,1829,168,1997,2103,2066
"2022-04-12","奉贤区",0,1,0,30,2,1,32,33,33,38,32,37,107,1859,170,2029,2136,2099
"2022-04-13","奉贤区",1,1,0,79,2,2,81,83,83,39,33,37,109,1938,172,2110,2219,2182
"2022-04-14","奉贤区",17,2,1,13,2,20,15,35,34,56,35,38,129,1951,174,2125,2254,2216
"2022-04-15","奉贤区",21,2,0,81,2,23,83,106,106,77,37,38,152,2032,176,2208,2360,2322
"2022-04-16","奉贤区",20,0,3,27,1,23,28,51,48,97,37,41,175,2059,177,2236,2411,2370
"2022-04-17","奉贤区",1,0,0,14,5,1,19,20,20,98,37,41,176,2073,182,2255,2431,2390
"2022-04-18","奉贤区",1,0,1,12,0,2,12,14,13,99,37,42,178,2085,182,2267,2445,2403
"2022-04-19","奉贤区",0,0,2,56,2,2,58,60,58,99,37,44,180,2141,184,2325,2505,2461
"2022-04-20","奉贤区",5,0,1,26,0,6,26,32,31,104,37,45,186,2167,184,2351,2537,2492
"2022-04-21","奉贤区",10,0,4,20,0,14,20,34,30,114,37,49,200,2187,184,2371,2571,2522
"2022-04-22","奉贤区",5,0,1,2,0,6,2,8,7,119,37,50,206,2189,184,2373,2579,2529
"2022-04-23","奉贤区",0,0,1,7,8,1,15,16,15,119,37,51,207,2196,192,2388,2595,2544
"2022-04-24","奉贤区",0,0,0,7,0,0,7,7,7,119,37,51,207,2203,192,2395,2602,2551
"2022-04-25","奉贤区",1,0,2,9,0,3,9,12,10,120,37,53,210,2212,192,2404,2614,2561
"2022-04-26","奉贤区",1,0,1,11,0,2,11,13,12,121,37,54,212,2223,192,2415,2627,2573
"2022-04-27","奉贤区",0,0,0,3,0,0,3,3,3,121,37,54,212,2226,192,2418,2630,2576
"2022-04-28","奉贤区",1,0,2,3,0,3,3,6,4,122,37,56,215,2229,192,2421,2636,2580
"2022-04-29","奉贤区",0,0,1,25,0,1,25,26,25,122,37,57,216,2254,192,2446,2662,2605
"2022-04-30","奉贤区",1,0,1,2,0,2,2,4,3,123,37,58,218,2256,192,2448,2666,2608
"2022-05-01","奉贤区",0,0,1,12,0,1,12,13,12,123,37,59,219,2268,192,2460,2679,2620
"2022-05-02","奉贤区",0,0,0,8,2,0,10,10,10,123,37,59,219,2276,194,2470,2689,2630
"2022-05-03","奉贤区",0,0,0,5,1,0,6,6,6,123,37,59,219,2281,195,2476,2695,2636
"2022-05-04","奉贤区",0,0,0,1,0,0,1,1,1,123,37,59,219,2282,195,2477,2696,2637
"2022-05-05","奉贤区",0,0,0,10,1,0,11,11,11,123,37,59,219,2292,196,2488,2707,2648
"2022-05-06","奉贤区",1,0,1,19,0,2,19,21,20,124,37,60,221,2311,196,2507,2728,2668
"2022-05-07","奉贤区",0,0,0,9,2,0,11,11,11,124,37,60,221,2320,198,2518,2739,2679
"2022-05-08","奉贤区",0,0,4,2,0,4,2,6,2,124,37,64,225,2322,198,2520,2745,2681
"2022-05-09","奉贤区",0,0,1,5,0,1,5,6,5,124,37,65,226,2327,198,2525,2751,2686
"2022-05-10","奉贤区",0,0,0,0,0,0,0,0,0,124,37,65,226,2327,198,2525,2751,2686
"2022-05-11","奉贤区",0,0,0,4,1,0,5,5,5,124,37,65,226,2331,199,2530,2756,2691
"2022-05-12","奉贤区",0,0,0,1,0,0,1,1,1,124,37,65,226,2332,199,2531,2757,2692
"2022-05-13","奉贤区",0,0,0,0,0,0,0,0,0,124,37,65,226,2332,199,2531,2757,2692
"2022-05-14","奉贤区",0,0,2,0,0,2,0,2,0,124,37,67,228,2332,199,2531,2759,2692
"2022-05-15","奉贤区",0,0,0,1,0,0,1,1,1,124,37,67,228,2333,199,2532,2760,2693
"2022-05-16","奉贤区",0,0,0,1,0,0,1,1,1,124,37,67,228,2334,199,2533,2761,2694
"2022-05-17","奉贤区",0,0,0,0,0,0,0,0,0,124,37,67,228,2334,199,2533,2761,2694
"2022-05-18","奉贤区",0,0,0,0,0,0,0,0,0,124,37,67,228,2334,199,2533,2761,2694
"2022-05-19","奉贤区",0,0,0,0,0,0,0,0,0,124,37,67,228,2334,199,2533,2761,2694
"2022-05-20","奉贤区",0,0,1,0,0,1,0,1,0,124,37,68,229,2334,199,2533,2762,2694
"2022-05-21","奉贤区",0,0,0,0,0,0,0,0,0,124,37,68,229,2334,199,2533,2762,2694
"2022-05-22","奉贤区",0,0,0,0,0,0,0,0,0,124,37,68,229,2334,199,2533,2762,2694
"2022-05-23","奉贤区",0,0,0,0,0,0,0,0,0,124,37,68,229,2334,199,2533,2762,2694
"2022-05-24","奉贤区",0,0,0,0,0,0,0,0,0,124,37,68,229,2334,199,2533,2762,2694
"2022-05-25","奉贤区",0,0,0,0,0,0,0,0,0,124,37,68,229,2334,199,2533,2762,2694
"2022-05-26","奉贤区",0,0,0,0,0,0,0,0,0,124,37,68,229,2334,199,2533,2762,2694
"2022-05-27","奉贤区",0,0,0,0,0,0,0,0,0,124,37,68,229,2334,199,2533,2762,2694
"2022-05-28","奉贤区",0,0,0,0,0,0,0,0,0,124,37,68,229,2334,199,2533,2762,2694
"2022-05-29","奉贤区",0,0,0,0,0,0,0,0,0,124,37,68,229,2334,199,2533,2762,2694
"2022-05-30","奉贤区",0,0,0,0,0,0,0,0,0,124,37,68,229,2334,199,2533,2762,2694
"2022-05-31","奉贤区",0,0,0,0,0,0,0,0,0,124,37,68,229,2334,199,2533,2762,2694
"2022-06-01","奉贤区",0,0,0,0,0,0,0,0,0,124,37,68,229,2334,199,2533,2762,2694
"2022-06-02","奉贤区",0,0,0,0,0,0,0,0,0,124,37,68,229,2334,199,2533,2762,2694
"2022-06-03","奉贤区",0,0,0,0,0,0,0,0,0,124,37,68,229,2334,199,2533,2762,2694
"2022-06-04","奉贤区",0,0,0,0,0,0,0,0,0,124,37,68,229,2334,199,2533,2762,2694
"2022-06-05","奉贤区",0,0,0,0,0,0,0,0,0,124,37,68,229,2334,199,2533,2762,2694
"2022-06-06","奉贤区",0,0,0,0,0,0,0,0,0,124,37,68,229,2334,199,2533,2762,2694
"2022-06-07","奉贤区",0,0,0,0,0,0,0,0,0,124,37,68,229,2334,199,2533,2762,2694
"2022-06-08","奉贤区",0,0,0,0,0,0,0,0,0,124,37,68,229,2334,199,2533,2762,2694
"2022-06-09","奉贤区",0,0,0,0,0,0,0,0,0,124,37,68,229,2334,199,2533,2762,2694
"2022-06-10","奉贤区",0,0,0,0,1,0,1,1,1,124,37,68,229,2334,200,2534,2763,2695
"2022-06-11","奉贤区",2,0,0,0,0,2,0,2,2,126,37,68,231,2334,200,2534,2765,2697
"2022-06-12","奉贤区",0,0,0,0,0,0,0,0,0,126,37,68,231,2334,200,2534,2765,2697
"2022-06-13","奉贤区",0,0,0,0,0,0,0,0,0,126,37,68,231,2334,200,2534,2765,2697
"2022-06-14","奉贤区",0,0,0,0,0,0,0,0,0,126,37,68,231,2334,200,2534,2765,2697
"2022-06-15","奉贤区",0,0,0,0,0,0,0,0,0,126,37,68,231,2334,200,2534,2765,2697
"2022-06-16","奉贤区",0,0,0,0,0,0,0,0,0,126,37,68,231,2334,200,2534,2765,2697
"2022-06-17","奉贤区",0,0,0,0,0,0,0,0,0,126,37,68,231,2334,200,2534,2765,2697
"2022-06-18","奉贤区",0,0,0,0,0,0,0,0,0,126,37,68,231,2334,200,2534,2765,2697
"2022-06-19","奉贤区",0,0,0,0,0,0,0,0,0,126,37,68,231,2334,200,2534,2765,2697
"2022-06-20","奉贤区",0,0,0,0,0,0,0,0,0,126,37,68,231,2334,200,2534,2765,2697
"2022-06-21","奉贤区",0,0,0,0,0,0,0,0,0,126,37,68,231,2334,200,2534,2765,2697
"2022-06-22","奉贤区",0,0,0,0,0,0,0,0,0,126,37,68,231,2334,200,2534,2765,2697
"2022-06-23","奉贤区",0,0,0,0,0,0,0,0,0,126,37,68,231,2334,200,2534,2765,2697
"2022-06-24","奉贤区",0,0,0,0,0,0,0,0,0,126,37,68,231,2334,200,2534,2765,2697
"2022-06-25","奉贤区",0,0,0,0,0,0,0,0,0,126,37,68,231,2334,200,2534,2765,2697
"2022-06-26","奉贤区",0,0,0,0,1,0,1,1,1,126,37,68,231,2334,201,2535,2766,2698
"2022-06-27","奉贤区",0,0,0,0,0,0,0,0,0,126,37,68,231,2334,201,2535,2766,2698
"2022-06-28","奉贤区",0,0,0,0,0,0,0,0,0,126,37,68,231,2334,201,2535,2766,2698
"2022-06-29","奉贤区",0,0,0,0,0,0,0,0,0,126,37,68,231,2334,201,2535,2766,2698
"2022-06-30","奉贤区",0,0,0,0,0,0,0,0,0,126,37,68,231,2334,201,2535,2766,2698
"2022-07-01","奉贤区",0,0,0,0,0,0,0,0,0,126,37,68,231,2334,201,2535,2766,2698
"2022-07-02","奉贤区",0,0,0,0,0,0,0,0,0,126,37,68,231,2334,201,2535,2766,2698
"2022-07-03","奉贤区",0,0,0,0,0,0,0,0,0,126,37,68,231,2334,201,2535,2766,2698
"2022-07-04","奉贤区",0,0,0,0,0,0,0,0,0,126,37,68,231,2334,201,2535,2766,2698
"2022-07-05","奉贤区",0,0,0,0,0,0,0,0,0,126,37,68,231,2334,201,2535,2766,2698
"2022-07-06","奉贤区",0,0,0,1,0,0,1,1,1,126,37,68,231,2335,201,2536,2767,2699
"2022-07-07","奉贤区",0,0,0,0,0,0,0,0,0,126,37,68,231,2335,201,2536,2767,2699
"2022-07-08","奉贤区",0,0,0,0,0,0,0,0,0,126,37,68,231,2335,201,2536,2767,2699
"2022-07-09","奉贤区",0,0,0,1,0,0,1,1,1,126,37,68,231,2336,201,2537,2768,2700
"2022-07-10","奉贤区",0,0,0,1,0,0,1,1,1,126,37,68,231,2337,201,2538,2769,2701
"2022-03-09","虹口区",1,0,0,0,3,1,3,4,4,1,0,0,1,0,3,3,4,4
"2022-03-10","虹口区",2,0,0,4,0,2,4,6,6,3,0,0,3,4,3,7,10,10
"2022-03-11","虹口区",0,0,0,2,0,0,2,2,2,3,0,0,3,6,3,9,12,12
"2022-03-12","虹口区",0,0,0,0,0,0,0,0,0,3,0,0,3,6,3,9,12,12
"2022-03-13","虹口区",0,1,0,2,2,1,4,5,5,3,1,0,4,8,5,13,17,17
"2022-03-14","虹口区",1,0,0,1,2,1,3,4,4,4,1,0,5,9,7,16,21,21
"2022-03-15","虹口区",0,0,0,5,1,0,6,6,6,4,1,0,5,14,8,22,27,27
"2022-03-16","虹口区",0,0,0,7,3,0,10,10,10,4,1,0,5,21,11,32,37,37
"2022-03-17","虹口区",0,1,0,5,1,1,6,7,7,4,2,0,6,26,12,38,44,44
"2022-03-18","虹口区",0,0,0,12,7,0,19,19,19,4,2,0,6,38,19,57,63,63
"2022-03-19","虹口区",1,0,0,6,0,1,6,7,7,5,2,0,7,44,19,63,70,70
"2022-03-20","虹口区",0,0,0,11,1,0,12,12,12,5,2,0,7,55,20,75,82,82
"2022-03-21","虹口区",0,0,0,23,0,0,23,23,23,5,2,0,7,78,20,98,105,105
"2022-03-22","虹口区",0,0,0,11,2,0,13,13,13,5,2,0,7,89,22,111,118,118
"2022-03-23","虹口区",0,0,0,23,3,0,26,26,26,5,2,0,7,112,25,137,144,144
"2022-03-24","虹口区",0,0,0,14,15,0,29,29,29,5,2,0,7,126,40,166,173,173
"2022-03-25","虹口区",0,0,0,0,4,0,4,4,4,5,2,0,7,126,44,170,177,177
"2022-03-26","虹口区",1,0,0,36,13,1,49,50,50,6,2,0,8,162,57,219,227,227
"2022-03-27","虹口区",0,1,0,22,4,1,26,27,27,6,3,0,9,184,61,245,254,254
"2022-03-28","虹口区",0,2,2,1,3,4,4,8,6,6,5,2,13,185,64,249,262,260
"2022-03-29","虹口区",0,7,0,49,17,7,66,73,73,6,12,2,20,234,81,315,335,333
"2022-03-30","虹口区",0,1,0,29,54,1,83,84,84,6,13,2,21,263,135,398,419,417
"2022-03-31","虹口区",0,8,0,96,24,8,120,128,128,6,21,2,29,359,159,518,547,545
"2022-04-01","虹口区",0,3,0,43,15,3,58,61,61,6,24,2,32,402,174,576,608,606
"2022-04-02","虹口区",1,24,5,174,138,30,312,342,337,7,48,7,62,576,312,888,950,943
"2022-04-03","虹口区",0,9,2,157,20,11,177,188,186,7,57,9,73,733,332,1065,1138,1129
"2022-04-04","虹口区",2,3,0,594,9,5,603,608,608,9,60,9,78,1327,341,1668,1746,1737
"2022-04-05","虹口区",0,7,1,393,9,8,402,410,409,9,67,10,86,1720,350,2070,2156,2146
"2022-04-06","虹口区",0,1,0,613,54,1,667,668,668,9,68,10,87,2333,404,2737,2824,2814
"2022-04-07","虹口区",0,8,18,557,11,26,568,594,576,9,76,28,113,2890,415,3305,3418,3390
"2022-04-08","虹口区",0,2,16,355,5,18,360,378,362,9,78,44,131,3245,420,3665,3796,3752
"2022-04-09","虹口区",0,5,7,306,31,12,337,349,342,9,83,51,143,3551,451,4002,4145,4094
"2022-04-10","虹口区",0,6,0,1206,26,6,1232,1238,1238,9,89,51,149,4757,477,5234,5383,5332
"2022-04-11","虹口区",4,14,7,1344,6,25,1350,1375,1368,13,103,58,174,6101,483,6584,6758,6700
"2022-04-12","虹口区",71,12,0,827,21,83,848,931,931,84,115,58,257,6928,504,7432,7689,7631
"2022-04-13","虹口区",104,16,1,1366,1,121,1367,1488,1487,188,131,59,378,8294,505,8799,9177,9118
"2022-04-14","虹口区",134,40,0,749,7,174,756,930,930,322,171,59,552,9043,512,9555,10107,10048
"2022-04-15","虹口区",101,1,185,1207,3,287,1210,1497,1312,423,172,244,839,10250,515,10765,11604,11360
"2022-04-16","虹口区",121,36,0,869,1,157,870,1027,1027,544,208,244,996,11119,516,11635,12631,12387
"2022-04-17","虹口区",135,22,109,900,0,266,900,1166,1057,679,230,353,1262,12019,516,12535,13797,13444
"2022-04-18","虹口区",120,30,83,853,6,233,859,1092,1009,799,260,436,1495,12872,522,13394,14889,14453
"2022-04-19","虹口区",122,12,14,601,4,148,605,753,739,921,272,450,1643,13473,526,13999,15642,15192
"2022-04-20","虹口区",67,28,7,726,4,102,730,832,825,988,300,457,1745,14199,530,14729,16474,16017
"2022-04-21","虹口区",98,4,1,780,2,103,782,885,884,1086,304,458,1848,14979,532,15511,17359,16901
"2022-04-22","虹口区",113,1,314,564,5,428,569,997,683,1199,305,772,2276,15543,537,16080,18356,17584
"2022-04-23","虹口区",49,2,31,722,15,82,737,819,788,1248,307,803,2358,16265,552,16817,19175,18372
"2022-04-24","虹口区",97,4,5,542,7,106,549,655,650,1345,311,808,2464,16807,559,17366,19830,19022
"2022-04-25","虹口区",83,4,51,1122,10,138,1132,1270,1219,1428,315,859,2602,17929,569,18498,21100,20241
"2022-04-26","虹口区",12,0,25,1092,7,37,1099,1136,1111,1440,315,884,2639,19021,576,19597,22236,21352
"2022-04-27","虹口区",33,0,35,1001,22,68,1023,1091,1056,1473,315,919,2707,20022,598,20620,23327,22408
"2022-04-28","虹口区",67,0,402,905,0,469,905,1374,972,1540,315,1321,3176,20927,598,21525,24701,23380
"2022-04-29","虹口区",15,0,7,993,0,22,993,1015,1008,1555,315,1328,3198,21920,598,22518,25716,24388
"2022-04-30","虹口区",11,0,36,544,0,47,544,591,555,1566,315,1364,3245,22464,598,23062,26307,24943
"2022-05-01","虹口区",58,0,11,579,21,69,600,669,658,1624,315,1375,3314,23043,619,23662,26976,25601
"2022-05-02","虹口区",5,0,13,348,0,18,348,366,353,1629,315,1388,3332,23391,619,24010,27342,25954
"2022-05-03","虹口区",3,0,8,345,2,11,347,358,350,1632,315,1396,3343,23736,621,24357,27700,26304
"2022-05-04","虹口区",11,0,5,307,3,16,310,326,321,1643,315,1401,3359,24043,624,24667,28026,26625
"2022-05-05","虹口区",12,0,3,251,1,15,252,267,264,1655,315,1404,3374,24294,625,24919,28293,26889
"2022-05-06","虹口区",6,0,11,260,2,17,262,279,268,1661,315,1415,3391,24554,627,25181,28572,27157
"2022-05-07","虹口区",14,0,10,247,1,24,248,272,262,1675,315,1425,3415,24801,628,25429,28844,27419
"2022-05-08","虹口区",16,0,38,263,0,54,263,317,279,1691,315,1463,3469,25064,628,25692,29161,27698
"2022-05-09","虹口区",12,0,19,238,0,31,238,269,250,1703,315,1482,3500,25302,628,25930,29430,27948
"2022-05-10","虹口区",12,0,36,88,0,48,88,136,100,1715,315,1518,3548,25390,628,26018,29566,28048
"2022-05-11","虹口区",13,0,5,84,0,18,84,102,97,1728,315,1523,3566,25474,628,26102,29668,28145
"2022-05-12","虹口区",20,0,4,79,0,24,79,103,99,1748,315,1527,3590,25553,628,26181,29771,28244
"2022-05-13","虹口区",14,0,3,74,0,17,74,91,88,1762,315,1530,3607,25627,628,26255,29862,28332
"2022-05-14","虹口区",2,0,1,64,0,3,64,67,66,1764,315,1531,3610,25691,628,26319,29929,28398
"2022-05-15","虹口区",12,0,0,57,0,12,57,69,69,1776,315,1531,3622,25748,628,26376,29998,28467
"2022-05-16","虹口区",2,0,0,47,0,2,47,49,49,1778,315,1531,3624,25795,628,26423,30047,28516
"2022-05-17","虹口区",5,0,1,53,0,6,53,59,58,1783,315,1532,3630,25848,628,26476,30106,28574
"2022-05-18","虹口区",6,0,1,67,0,7,67,74,73,1789,315,1533,3637,25915,628,26543,30180,28647
"2022-05-19","虹口区",0,0,1,120,0,1,120,121,120,1789,315,1534,3638,26035,628,26663,30301,28767
"2022-05-20","虹口区",4,0,3,135,0,7,135,142,139,1793,315,1537,3645,26170,628,26798,30443,28906
"2022-05-21","虹口区",0,0,0,129,0,0,129,129,129,1793,315,1537,3645,26299,628,26927,30572,29035
"2022-05-22","虹口区",0,0,3,113,0,3,113,116,113,1793,315,1540,3648,26412,628,27040,30688,29148
"2022-05-23","虹口区",6,0,0,82,0,6,82,88,88,1799,315,1540,3654,26494,628,27122,30776,29236
"2022-05-24","虹口区",0,0,3,51,0,3,51,54,51,1799,315,1543,3657,26545,628,27173,30830,29287
"2022-05-25","虹口区",5,0,0,36,0,5,36,41,41,1804,315,1543,3662,26581,628,27209,30871,29328
"2022-05-26","虹口区",3,0,2,25,0,5,25,30,28,1807,315,1545,3667,26606,628,27234,30901,29356
"2022-05-27","虹口区",11,0,0,9,0,11,9,20,20,1818,315,1545,3678,26615,628,27243,30921,29376
"2022-05-28","虹口区",2,0,1,11,0,3,11,14,13,1820,315,1546,3681,26626,628,27254,30935,29389
"2022-05-29","虹口区",0,0,0,8,0,0,8,8,8,1820,315,1546,3681,26634,628,27262,30943,29397
"2022-05-30","虹口区",0,0,1,5,0,1,5,6,5,1820,315,1547,3682,26639,628,27267,30949,29402
"2022-05-31","虹口区",1,0,0,2,0,1,2,3,3,1821,315,1547,3683,26641,628,27269,30952,29405
"2022-06-01","虹口区",0,0,0,2,0,0,2,2,2,1821,315,1547,3683,26643,628,27271,30954,29407
"2022-06-02","虹口区",1,0,0,0,0,1,0,1,1,1822,315,1547,3684,26643,628,27271,30955,29408
"2022-06-03","虹口区",0,0,0,1,0,0,1,1,1,1822,315,1547,3684,26644,628,27272,30956,29409
"2022-06-04","虹口区",0,0,0,2,0,0,2,2,2,1822,315,1547,3684,26646,628,27274,30958,29411
"2022-06-05","虹口区",0,1,0,0,1,1,1,2,2,1822,316,1547,3685,26646,629,27275,30960,29413
"2022-06-06","虹口区",0,0,0,3,0,0,3,3,3,1822,316,1547,3685,26649,629,27278,30963,29416
"2022-06-07","虹口区",0,0,0,1,0,0,1,1,1,1822,316,1547,3685,26650,629,27279,30964,29417
"2022-06-08","虹口区",0,0,0,1,0,0,1,1,1,1822,316,1547,3685,26651,629,27280,30965,29418
"2022-06-09","虹口区",0,0,0,0,0,0,0,0,0,1822,316,1547,3685,26651,629,27280,30965,29418
"2022-06-10","虹口区",0,2,0,0,0,2,0,2,2,1822,318,1547,3687,26651,629,27280,30967,29420
"2022-06-11","虹口区",0,0,0,3,0,0,3,3,3,1822,318,1547,3687,26654,629,27283,30970,29423
"2022-06-12","虹口区",0,0,0,3,0,0,3,3,3,1822,318,1547,3687,26657,629,27286,30973,29426
"2022-06-13","虹口区",0,0,0,1,0,0,1,1,1,1822,318,1547,3687,26658,629,27287,30974,29427
"2022-06-14","虹口区",0,0,0,0,0,0,0,0,0,1822,318,1547,3687,26658,629,27287,30974,29427
"2022-06-15","虹口区",1,1,0,1,0,2,1,3,3,1823,319,1547,3689,26659,629,27288,30977,29430
"2022-06-16","虹口区",0,0,0,0,0,0,0,0,0,1823,319,1547,3689,26659,629,27288,30977,29430
"2022-06-17","虹口区",0,0,0,0,0,0,0,0,0,1823,319,1547,3689,26659,629,27288,30977,29430
"2022-06-18","虹口区",0,0,0,0,0,0,0,0,0,1823,319,1547,3689,26659,629,27288,30977,29430
"2022-06-19","虹口区",0,0,0,0,0,0,0,0,0,1823,319,1547,3689,26659,629,27288,30977,29430
"2022-06-20","虹口区",0,0,0,0,0,0,0,0,0,1823,319,1547,3689,26659,629,27288,30977,29430
"2022-06-21","虹口区",0,0,0,0,0,0,0,0,0,1823,319,1547,3689,26659,629,27288,30977,29430
"2022-06-22","虹口区",0,0,0,0,0,0,0,0,0,1823,319,1547,3689,26659,629,27288,30977,29430
"2022-06-23","虹口区",0,0,0,0,0,0,0,0,0,1823,319,1547,3689,26659,629,27288,30977,29430
"2022-06-24","虹口区",0,0,0,0,0,0,0,0,0,1823,319,1547,3689,26659,629,27288,30977,29430
"2022-06-25","虹口区",0,0,0,0,0,0,0,0,0,1823,319,1547,3689,26659,629,27288,30977,29430
"2022-06-26","虹口区",0,0,0,0,0,0,0,0,0,1823,319,1547,3689,26659,629,27288,30977,29430
"2022-06-27","虹口区",0,0,0,0,0,0,0,0,0,1823,319,1547,3689,26659,629,27288,30977,29430
"2022-06-28","虹口区",0,0,0,0,0,0,0,0,0,1823,319,1547,3689,26659,629,27288,30977,29430
"2022-06-29","虹口区",0,0,0,0,0,0,0,0,0,1823,319,1547,3689,26659,629,27288,30977,29430
"2022-06-30","虹口区",0,0,0,0,0,0,0,0,0,1823,319,1547,3689,26659,629,27288,30977,29430
"2022-07-01","虹口区",0,0,0,0,0,0,0,0,0,1823,319,1547,3689,26659,629,27288,30977,29430
"2022-07-02","虹口区",0,0,0,0,0,0,0,0,0,1823,319,1547,3689,26659,629,27288,30977,29430
"2022-07-03","虹口区",0,0,0,0,0,0,0,0,0,1823,319,1547,3689,26659,629,27288,30977,29430
"2022-07-04","虹口区",0,0,0,0,0,0,0,0,0,1823,319,1547,3689,26659,629,27288,30977,29430
"2022-07-05","虹口区",0,0,0,0,0,0,0,0,0,1823,319,1547,3689,26659,629,27288,30977,29430
"2022-07-06","虹口区",0,1,0,0,0,1,0,1,1,1823,320,1547,3690,26659,629,27288,30978,29431
"2022-07-07","虹口区",2,0,0,3,0,2,3,5,5,1825,320,1547,3692,26662,629,27291,30983,29436
"2022-07-08","虹口区",1,0,0,1,0,1,1,2,2,1826,320,1547,3693,26663,629,27292,30985,29438
"2022-07-09","虹口区",0,0,0,3,0,0,3,3,3,1826,320,1547,3693,26666,629,27295,30988,29441
"2022-07-10","虹口区",1,0,0,11,0,1,11,12,12,1827,320,1547,3694,26677,629,27306,31000,29453
"2022-03-09","黄浦区",0,0,0,1,0,0,1,1,1,0,0,0,0,1,0,1,1,1
"2022-03-10","黄浦区",0,0,0,1,0,0,1,1,1,0,0,0,0,2,0,2,2,2
"2022-03-11","黄浦区",0,0,0,3,2,0,5,5,5,0,0,0,0,5,2,7,7,7
"2022-03-12","黄浦区",0,0,0,3,0,0,3,3,3,0,0,0,0,8,2,10,10,10
"2022-03-13","黄浦区",0,1,2,7,2,3,9,12,10,0,1,2,3,15,4,19,22,20
"2022-03-14","黄浦区",1,1,0,18,3,2,21,23,23,1,2,2,5,33,7,40,45,43
"2022-03-15","黄浦区",0,0,0,10,2,0,12,12,12,1,2,2,5,43,9,52,57,55
"2022-03-16","黄浦区",0,1,0,6,2,1,8,9,9,1,3,2,6,49,11,60,66,64
"2022-03-17","黄浦区",1,7,0,0,12,8,12,20,20,2,10,2,14,49,23,72,86,84
"2022-03-18","黄浦区",0,0,0,6,9,0,15,15,15,2,10,2,14,55,32,87,101,99
"2022-03-19","黄浦区",0,0,0,25,11,0,36,36,36,2,10,2,14,80,43,123,137,135
"2022-03-20","黄浦区",2,0,0,36,4,2,40,42,42,4,10,2,16,116,47,163,179,177
"2022-03-21","黄浦区",0,0,0,44,5,0,49,49,49,4,10,2,16,160,52,212,228,226
"2022-03-22","黄浦区",0,0,0,57,2,0,59,59,59,4,10,2,16,217,54,271,287,285
"2022-03-23","黄浦区",0,0,0,17,3,0,20,20,20,4,10,2,16,234,57,291,307,305
"2022-03-24","黄浦区",0,0,0,86,16,0,102,102,102,4,10,2,16,320,73,393,409,407
"2022-03-25","黄浦区",0,0,0,12,11,0,23,23,23,4,10,2,16,332,84,416,432,430
"2022-03-26","黄浦区",0,0,0,144,16,0,160,160,160,4,10,2,16,476,100,576,592,590
"2022-03-27","黄浦区",0,1,0,49,6,1,55,56,56,4,11,2,17,525,106,631,648,646
"2022-03-28","黄浦区",0,0,1,266,16,1,282,283,282,4,11,3,18,791,122,913,931,928
"2022-03-29","黄浦区",0,6,0,57,47,6,104,110,110,4,17,3,24,848,169,1017,1041,1038
"2022-03-30","黄浦区",3,13,0,275,70,16,345,361,361,7,30,3,40,1123,239,1362,1402,1399
"2022-03-31","黄浦区",1,5,1,92,22,7,114,121,120,8,35,4,47,1215,261,1476,1523,1519
"2022-04-01","黄浦区",0,5,0,238,17,5,255,260,260,8,40,4,52,1453,278,1731,1783,1779
"2022-04-02","黄浦区",3,21,3,485,147,27,632,659,656,11,61,7,79,1938,425,2363,2442,2435
"2022-04-03","黄浦区",1,10,3,773,37,14,810,824,821,12,71,10,93,2711,462,3173,3266,3256
"2022-04-04","黄浦区",1,7,0,933,29,8,962,970,970,13,78,10,101,3644,491,4135,4236,4226
"2022-04-05","黄浦区",0,13,3,607,35,16,642,658,655,13,91,13,117,4251,526,4777,4894,4881
"2022-04-06","黄浦区",2,7,0,996,39,9,1035,1044,1044,15,98,13,126,5247,565,5812,5938,5925
"2022-04-07","黄浦区",0,6,8,1321,45,14,1366,1380,1372,15,104,21,140,6568,610,7178,7318,7297
"2022-04-08","黄浦区",0,7,34,2532,34,41,2566,2607,2573,15,111,55,181,9100,644,9744,9925,9870
"2022-04-09","黄浦区",59,31,11,444,3,101,447,548,537,74,142,66,282,9544,647,10191,10473,10407
"2022-04-10","黄浦区",12,20,4,1564,161,36,1725,1761,1757,86,162,70,318,11108,808,11916,12234,12164
"2022-04-11","黄浦区",87,10,20,2057,49,117,2106,2223,2203,173,172,90,435,13165,857,14022,14457,14367
"2022-04-12","黄浦区",59,14,1,1673,57,74,1730,1804,1803,232,186,91,509,14838,914,15752,16261,16170
"2022-04-13","黄浦区",203,13,11,1147,34,227,1181,1408,1397,435,199,102,736,15985,948,16933,17669,17567
"2022-04-14","黄浦区",258,6,4,1715,30,268,1745,2013,2009,693,205,106,1004,17700,978,18678,19682,19576
"2022-04-15","黄浦区",232,8,6,1120,18,246,1138,1384,1378,925,213,112,1250,18820,996,19816,21066,20954
"2022-04-16","黄浦区",169,13,6,1352,25,188,1377,1565,1559,1094,226,118,1438,20172,1021,21193,22631,22513
"2022-04-17","黄浦区",165,15,6,1655,55,186,1710,1896,1890,1259,241,124,1624,21827,1076,22903,24527,24403
"2022-04-18","黄浦区",322,35,5,2878,83,362,2961,3323,3318,1581,276,129,1986,24705,1159,25864,27850,27721
"2022-04-19","黄浦区",257,15,96,2693,23,368,2716,3084,2988,1838,291,225,2354,27398,1182,28580,30934,30709
"2022-04-20","黄浦区",207,10,35,2809,36,252,2845,3097,3062,2045,301,260,2606,30207,1218,31425,34031,33771
"2022-04-21","黄浦区",150,17,25,1556,4,192,1560,1752,1727,2195,318,285,2798,31763,1222,32985,35783,35498
"2022-04-22","黄浦区",167,8,260,2406,2,435,2408,2843,2583,2362,326,545,3233,34169,1224,35393,38626,38081
"2022-04-23","黄浦区",42,1,53,1863,0,96,1863,1959,1906,2404,327,598,3329,36032,1224,37256,40585,39987
"2022-04-24","黄浦区",173,2,142,1437,1,317,1438,1755,1613,2577,329,740,3646,37469,1225,38694,42340,41600
"2022-04-25","黄浦区",54,1,101,2515,0,156,2515,2671,2570,2631,330,841,3802,39984,1225,41209,45011,44170
"2022-04-26","黄浦区",24,0,277,927,0,301,927,1228,951,2655,330,1118,4103,40911,1225,42136,46239,45121
"2022-04-27","黄浦区",88,0,47,1317,0,135,1317,1452,1405,2743,330,1165,4238,42228,1225,43453,47691,46526
"2022-04-28","黄浦区",26,0,1344,1286,0,1370,1286,2656,1312,2769,330,2509,5608,43514,1225,44739,50347,47838
"2022-04-29","黄浦区",8,0,242,1149,0,250,1149,1399,1157,2777,330,2751,5858,44663,1225,45888,51746,48995
"2022-04-30","黄浦区",1,0,109,1046,0,110,1046,1156,1047,2778,330,2860,5968,45709,1225,46934,52902,50042
"2022-05-01","黄浦区",3,0,125,976,8,128,984,1112,987,2781,330,2985,6096,46685,1233,47918,54014,51029
"2022-05-02","黄浦区",3,0,14,914,43,17,957,974,960,2784,330,2999,6113,47599,1276,48875,54988,51989
"2022-05-03","黄浦区",1,0,26,877,35,27,912,939,913,2785,330,3025,6140,48476,1311,49787,55927,52902
"2022-05-04","黄浦区",3,0,18,742,12,21,754,775,757,2788,330,3043,6161,49218,1323,50541,56702,53659
"2022-05-05","黄浦区",3,0,32,733,4,35,737,772,740,2791,330,3075,6196,49951,1327,51278,57474,54399
"2022-05-06","黄浦区",16,0,44,566,1,60,567,627,583,2807,330,3119,6256,50517,1328,51845,58101,54982
"2022-05-07","黄浦区",7,0,30,575,0,37,575,612,582,2814,330,3149,6293,51092,1328,52420,58713,55564
"2022-05-08","黄浦区",7,0,53,442,0,60,442,502,449,2821,330,3202,6353,51534,1328,52862,59215,56013
"2022-05-09","黄浦区",5,0,31,377,1,36,378,414,383,2826,330,3233,6389,51911,1329,53240,59629,56396
"2022-05-10","黄浦区",3,0,16,245,0,19,245,264,248,2829,330,3249,6408,52156,1329,53485,59893,56644
"2022-05-11","黄浦区",1,0,18,227,0,19,227,246,228,2830,330,3267,6427,52383,1329,53712,60139,56872
"2022-05-12","黄浦区",0,0,23,274,0,23,274,297,274,2830,330,3290,6450,52657,1329,53986,60436,57146
"2022-05-13","黄浦区",2,0,22,219,0,24,219,243,221,2832,330,3312,6474,52876,1329,54205,60679,57367
"2022-05-14","黄浦区",2,0,16,168,0,18,168,186,170,2834,330,3328,6492,53044,1329,54373,60865,57537
"2022-05-15","黄浦区",1,0,9,83,0,10,83,93,84,2835,330,3337,6502,53127,1329,54456,60958,57621
"2022-05-16","黄浦区",1,0,9,79,0,10,79,89,80,2836,330,3346,6512,53206,1329,54535,61047,57701
"2022-05-17","黄浦区",1,0,5,77,0,6,77,83,78,2837,330,3351,6518,53283,1329,54612,61130,57779
"2022-05-18","黄浦区",0,0,9,66,0,9,66,75,66,2837,330,3360,6527,53349,1329,54678,61205,57845
"2022-05-19","黄浦区",0,0,13,53,0,13,53,66,53,2837,330,3373,6540,53402,1329,54731,61271,57898
"2022-05-20","黄浦区",3,0,5,42,0,8,42,50,45,2840,330,3378,6548,53444,1329,54773,61321,57943
"2022-05-21","黄浦区",0,0,0,31,0,0,31,31,31,2840,330,3378,6548,53475,1329,54804,61352,57974
"2022-05-22","黄浦区",0,0,5,38,0,5,38,43,38,2840,330,3383,6553,53513,1329,54842,61395,58012
"2022-05-23","黄浦区",0,0,2,29,0,2,29,31,29,2840,330,3385,6555,53542,1329,54871,61426,58041
"2022-05-24","黄浦区",0,0,12,21,0,12,21,33,21,2840,330,3397,6567,53563,1329,54892,61459,58062
"2022-05-25","黄浦区",0,0,9,20,0,9,20,29,20,2840,330,3406,6576,53583,1329,54912,61488,58082
"2022-05-26","黄浦区",0,0,1,18,0,1,18,19,18,2840,330,3407,6577,53601,1329,54930,61507,58100
"2022-05-27","黄浦区",0,0,2,9,0,2,9,11,9,2840,330,3409,6579,53610,1329,54939,61518,58109
"2022-05-28","黄浦区",0,0,3,4,0,3,4,7,4,2840,330,3412,6582,53614,1329,54943,61525,58113
"2022-05-29","黄浦区",0,0,0,0,0,0,0,0,0,2840,330,3412,6582,53614,1329,54943,61525,58113
"2022-05-30","黄浦区",0,0,0,0,0,0,0,0,0,2840,330,3412,6582,53614,1329,54943,61525,58113
"2022-05-31","黄浦区",1,0,0,0,0,1,0,1,1,2841,330,3412,6583,53614,1329,54943,61526,58114
"2022-06-01","黄浦区",0,0,0,0,0,0,0,0,0,2841,330,3412,6583,53614,1329,54943,61526,58114
"2022-06-02","黄浦区",0,0,1,1,0,1,1,2,1,2841,330,3413,6584,53615,1329,54944,61528,58115
"2022-06-03","黄浦区",0,1,0,0,0,1,0,1,1,2841,331,3413,6585,53615,1329,54944,61529,58116
"2022-06-04","黄浦区",1,0,0,5,0,1,5,6,6,2842,331,3413,6586,53620,1329,54949,61535,58122
"2022-06-05","黄浦区",0,0,0,1,0,0,1,1,1,2842,331,3413,6586,53621,1329,54950,61536,58123
"2022-06-06","黄浦区",0,0,0,1,0,0,1,1,1,2842,331,3413,6586,53622,1329,54951,61537,58124
"2022-06-07","黄浦区",0,0,0,0,0,0,0,0,0,2842,331,3413,6586,53622,1329,54951,61537,58124
"2022-06-08","黄浦区",1,0,0,0,0,1,0,1,1,2843,331,3413,6587,53622,1329,54951,61538,58125
"2022-06-09","黄浦区",0,0,0,1,0,0,1,1,1,2843,331,3413,6587,53623,1329,54952,61539,58126
"2022-06-10","黄浦区",0,0,0,0,0,0,0,0,0,2843,331,3413,6587,53623,1329,54952,61539,58126
"2022-06-11","黄浦区",1,0,0,0,0,1,0,1,1,2844,331,3413,6588,53623,1329,54952,61540,58127
"2022-06-12","黄浦区",0,0,0,0,0,0,0,0,0,2844,331,3413,6588,53623,1329,54952,61540,58127
"2022-06-13","黄浦区",0,0,0,0,0,0,0,0,0,2844,331,3413,6588,53623,1329,54952,61540,58127
"2022-06-14","黄浦区",0,0,0,0,0,0,0,0,0,2844,331,3413,6588,53623,1329,54952,61540,58127
"2022-06-15","黄浦区",0,0,0,0,0,0,0,0,0,2844,331,3413,6588,53623,1329,54952,61540,58127
"2022-06-16","黄浦区",0,0,0,0,0,0,0,0,0,2844,331,3413,6588,53623,1329,54952,61540,58127
"2022-06-17","黄浦区",0,0,0,0,0,0,0,0,0,2844,331,3413,6588,53623,1329,54952,61540,58127
"2022-06-18","黄浦区",0,0,0,0,0,0,0,0,0,2844,331,3413,6588,53623,1329,54952,61540,58127
"2022-06-19","黄浦区",0,0,0,0,0,0,0,0,0,2844,331,3413,6588,53623,1329,54952,61540,58127
"2022-06-20","黄浦区",0,0,0,0,0,0,0,0,0,2844,331,3413,6588,53623,1329,54952,61540,58127
"2022-06-21","黄浦区",0,0,0,0,0,0,0,0,0,2844,331,3413,6588,53623,1329,54952,61540,58127
"2022-06-22","黄浦区",0,0,0,0,0,0,0,0,0,2844,331,3413,6588,53623,1329,54952,61540,58127
"2022-06-23","黄浦区",0,0,0,0,0,0,0,0,0,2844,331,3413,6588,53623,1329,54952,61540,58127
"2022-06-24","黄浦区",0,0,0,0,0,0,0,0,0,2844,331,3413,6588,53623,1329,54952,61540,58127
"2022-06-25","黄浦区",0,0,0,0,0,0,0,0,0,2844,331,3413,6588,53623,1329,54952,61540,58127
"2022-06-26","黄浦区",0,0,0,0,0,0,0,0,0,2844,331,3413,6588,53623,1329,54952,61540,58127
"2022-06-27","黄浦区",0,0,0,0,0,0,0,0,0,2844,331,3413,6588,53623,1329,54952,61540,58127
"2022-06-28","黄浦区",0,0,0,0,0,0,0,0,0,2844,331,3413,6588,53623,1329,54952,61540,58127
"2022-06-29","黄浦区",0,0,0,0,0,0,0,0,0,2844,331,3413,6588,53623,1329,54952,61540,58127
"2022-06-30","黄浦区",0,0,0,0,0,0,0,0,0,2844,331,3413,6588,53623,1329,54952,61540,58127
"2022-07-01","黄浦区",0,0,0,0,0,0,0,0,0,2844,331,3413,6588,53623,1329,54952,61540,58127
"2022-07-02","黄浦区",0,0,0,0,0,0,0,0,0,2844,331,3413,6588,53623,1329,54952,61540,58127
"2022-07-03","黄浦区",0,0,0,0,0,0,0,0,0,2844,331,3413,6588,53623,1329,54952,61540,58127
"2022-07-04","黄浦区",0,0,0,0,0,0,0,0,0,2844,331,3413,6588,53623,1329,54952,61540,58127
"2022-07-05","黄浦区",1,0,0,0,0,1,0,1,1,2845,331,3413,6589,53623,1329,54952,61541,58128
"2022-07-06","黄浦区",1,0,0,1,0,1,1,2,2,2846,331,3413,6590,53624,1329,54953,61543,58130
"2022-07-07","黄浦区",1,0,0,0,0,1,0,1,1,2847,331,3413,6591,53624,1329,54953,61544,58131
"2022-07-08","黄浦区",1,0,0,2,0,1,2,3,3,2848,331,3413,6592,53626,1329,54955,61547,58134
"2022-07-09","黄浦区",0,0,0,2,0,0,2,2,2,2848,331,3413,6592,53628,1329,54957,61549,58136
"2022-07-10","黄浦区",0,0,0,3,0,0,3,3,3,2848,331,3413,6592,53631,1329,54960,61552,58139
"2022-03-09","嘉定区",0,0,0,16,0,0,16,16,16,0,0,0,0,16,0,16,16,16
"2022-03-10","嘉定区",0,1,0,5,0,1,5,6,6,0,1,0,1,21,0,21,22,22
"2022-03-11","嘉定区",1,0,0,11,0,1,11,12,12,1,1,0,2,32,0,32,34,34
"2022-03-12","嘉定区",0,0,0,3,0,0,3,3,3,1,1,0,2,35,0,35,37,37
"2022-03-13","嘉定区",1,4,0,13,1,5,14,19,19,2,5,0,7,48,1,49,56,56
"2022-03-14","嘉定区",0,0,0,21,2,0,23,23,23,2,5,0,7,69,3,72,79,79
"2022-03-15","嘉定区",0,0,0,14,7,0,21,21,21,2,5,0,7,83,10,93,100,100
"2022-03-16","嘉定区",0,4,0,18,19,4,37,41,41,2,9,0,11,101,29,130,141,141
"2022-03-17","嘉定区",0,5,0,3,27,5,30,35,35,2,14,0,16,104,56,160,176,176
"2022-03-18","嘉定区",0,0,0,11,33,0,44,44,44,2,14,0,16,115,89,204,220,220
"2022-03-19","嘉定区",0,0,2,47,32,2,79,81,79,2,14,2,18,162,121,283,301,299
"2022-03-20","嘉定区",1,0,0,37,2,1,39,40,40,3,14,2,19,199,123,322,341,339
"2022-03-21","嘉定区",5,0,0,96,2,5,98,103,103,8,14,2,24,295,125,420,444,442
"2022-03-22","嘉定区",2,0,0,105,4,2,109,111,111,10,14,2,26,400,129,529,555,553
"2022-03-23","嘉定区",1,0,0,65,3,1,68,69,69,11,14,2,27,465,132,597,624,622
"2022-03-24","嘉定区",0,1,0,127,2,1,129,130,130,11,15,2,28,592,134,726,754,752
"2022-03-25","嘉定区",0,0,0,19,0,0,19,19,19,11,15,2,28,611,134,745,773,771
"2022-03-26","嘉定区",8,1,0,226,7,9,233,242,242,19,16,2,37,837,141,978,1015,1013
"2022-03-27","嘉定区",0,3,0,236,12,3,248,251,251,19,19,2,40,1073,153,1226,1266,1264
"2022-03-28","嘉定区",0,2,0,172,35,2,207,209,209,19,21,2,42,1245,188,1433,1475,1473
"2022-03-29","嘉定区",0,7,2,233,13,9,246,255,253,19,28,4,51,1478,201,1679,1730,1726
"2022-03-30","嘉定区",0,8,1,108,41,9,149,158,157,19,36,5,60,1586,242,1828,1888,1883
"2022-03-31","嘉定区",0,6,1,36,11,7,47,54,53,19,42,6,67,1622,253,1875,1942,1936
"2022-04-01","嘉定区",2,7,0,164,27,9,191,200,200,21,49,6,76,1786,280,2066,2142,2136
"2022-04-02","嘉定区",3,18,5,536,55,26,591,617,612,24,67,11,102,2322,335,2657,2759,2748
"2022-04-03","嘉定区",0,9,5,383,18,14,401,415,410,24,76,16,116,2705,353,3058,3174,3158
"2022-04-04","嘉定区",1,3,0,229,4,4,233,237,237,25,79,16,120,2934,357,3291,3411,3395
"2022-04-05","嘉定区",0,5,6,466,4,11,470,481,475,25,84,22,131,3400,361,3761,3892,3870
"2022-04-06","嘉定区",0,5,1,1375,27,6,1402,1408,1407,25,89,23,137,4775,388,5163,5300,5277
"2022-04-07","嘉定区",0,5,18,905,5,23,910,933,915,25,94,41,160,5680,393,6073,6233,6192
"2022-04-08","嘉定区",12,3,101,1362,27,116,1389,1505,1404,37,97,142,276,7042,420,7462,7738,7596
"2022-04-09","嘉定区",7,6,8,341,7,21,348,369,361,44,103,150,297,7383,427,7810,8107,7957
"2022-04-10","嘉定区",45,4,22,1324,10,71,1334,1405,1383,89,107,172,368,8707,437,9144,9512,9340
"2022-04-11","嘉定区",22,12,9,151,14,43,165,208,199,111,119,181,411,8858,451,9309,9720,9539
"2022-04-12","嘉定区",30,1,11,932,12,42,944,986,975,141,120,192,453,9790,463,10253,10706,10514
"2022-04-13","嘉定区",42,4,8,663,4,54,667,721,713,183,124,200,507,10453,467,10920,11427,11227
"2022-04-14","嘉定区",98,4,98,600,3,200,603,803,705,281,128,298,707,11053,470,11523,12230,11932
"2022-04-15","嘉定区",163,4,6,558,10,173,568,741,735,444,132,304,880,11611,480,12091,12971,12667
"2022-04-16","嘉定区",73,8,22,577,5,103,582,685,663,517,140,326,983,12188,485,12673,13656,13330
"2022-04-17","嘉定区",48,4,304,614,8,356,622,978,674,565,144,630,1339,12802,493,13295,14634,14004
"2022-04-18","嘉定区",62,6,4,513,3,72,516,588,584,627,150,634,1411,13315,496,13811,15222,14588
"2022-04-19","嘉定区",80,0,24,629,10,104,639,743,719,707,150,658,1515,13944,506,14450,15965,15307
"2022-04-20","嘉定区",64,5,13,556,3,82,559,641,628,771,155,671,1597,14500,509,15009,16606,15935
"2022-04-21","嘉定区",77,3,0,687,9,80,696,776,776,848,158,671,1677,15187,518,15705,17382,16711
"2022-04-22","嘉定区",67,1,8,419,5,76,424,500,492,915,159,679,1753,15606,523,16129,17882,17203
"2022-04-23","嘉定区",61,2,10,670,8,73,678,751,741,976,161,689,1826,16276,531,16807,18633,17944
"2022-04-24","嘉定区",125,4,3,466,3,132,469,601,598,1101,165,692,1958,16742,534,17276,19234,18542
"2022-04-25","嘉定区",44,0,14,465,20,58,485,543,529,1145,165,706,2016,17207,554,17761,19777,19071
"2022-04-26","嘉定区",23,0,66,345,0,89,345,434,368,1168,165,772,2105,17552,554,18106,20211,19439
"2022-04-27","嘉定区",4,0,9,279,0,13,279,292,283,1172,165,781,2118,17831,554,18385,20503,19722
"2022-04-28","嘉定区",42,0,90,356,0,132,356,488,398,1214,165,871,2250,18187,554,18741,20991,20120
"2022-04-29","嘉定区",9,0,13,246,0,22,246,268,255,1223,165,884,2272,18433,554,18987,21259,20375
"2022-04-30","嘉定区",3,0,38,218,0,41,218,259,221,1226,165,922,2313,18651,554,19205,21518,20596
"2022-05-01","嘉定区",0,0,14,254,0,14,254,268,254,1226,165,936,2327,18905,554,19459,21786,20850
"2022-05-02","嘉定区",1,0,3,275,0,4,275,279,276,1227,165,939,2331,19180,554,19734,22065,21126
"2022-05-03","嘉定区",0,0,4,170,1,4,171,175,171,1227,165,943,2335,19350,555,19905,22240,21297
"2022-05-04","嘉定区",0,0,4,210,1,4,211,215,211,1227,165,947,2339,19560,556,20116,22455,21508
"2022-05-05","嘉定区",3,0,6,192,0,9,192,201,195,1230,165,953,2348,19752,556,20308,22656,21703
"2022-05-06","嘉定区",0,0,3,198,0,3,198,201,198,1230,165,956,2351,19950,556,20506,22857,21901
"2022-05-07","嘉定区",0,0,11,108,0,11,108,119,108,1230,165,967,2362,20058,556,20614,22976,22009
"2022-05-08","嘉定区",1,0,26,109,0,27,109,136,110,1231,165,993,2389,20167,556,20723,23112,22119
"2022-05-09","嘉定区",1,0,16,130,1,17,131,148,132,1232,165,1009,2406,20297,557,20854,23260,22251
"2022-05-10","嘉定区",1,0,19,14,0,20,14,34,15,1233,165,1028,2426,20311,557,20868,23294,22266
"2022-05-11","嘉定区",1,0,17,72,0,18,72,90,73,1234,165,1045,2444,20383,557,20940,23384,22339
"2022-05-12","嘉定区",0,0,42,67,0,42,67,109,67,1234,165,1087,2486,20450,557,21007,23493,22406
"2022-05-13","嘉定区",3,0,23,37,0,26,37,63,40,1237,165,1110,2512,20487,557,21044,23556,22446
"2022-05-14","嘉定区",2,0,50,32,0,52,32,84,34,1239,165,1160,2564,20519,557,21076,23640,22480
"2022-05-15","嘉定区",2,0,8,25,0,10,25,35,27,1241,165,1168,2574,20544,557,21101,23675,22507
"2022-05-16","嘉定区",0,0,9,18,0,9,18,27,18,1241,165,1177,2583,20562,557,21119,23702,22525
"2022-05-17","嘉定区",1,0,8,18,0,9,18,27,19,1242,165,1185,2592,20580,557,21137,23729,22544
"2022-05-18","嘉定区",0,0,10,8,0,10,8,18,8,1242,165,1195,2602,20588,557,21145,23747,22552
"2022-05-19","嘉定区",0,0,4,2,0,4,2,6,2,1242,165,1199,2606,20590,557,21147,23753,22554
"2022-05-20","嘉定区",1,0,4,4,0,5,4,9,5,1243,165,1203,2611,20594,557,21151,23762,22559
"2022-05-21","嘉定区",1,0,1,0,0,2,0,2,1,1244,165,1204,2613,20594,557,21151,23764,22560
"2022-05-22","嘉定区",1,0,0,1,0,1,1,2,2,1245,165,1204,2614,20595,557,21152,23766,22562
"2022-05-23","嘉定区",0,0,2,1,0,2,1,3,1,1245,165,1206,2616,20596,557,21153,23769,22563
"2022-05-24","嘉定区",0,0,1,1,1,1,2,3,2,1245,165,1207,2617,20597,558,21155,23772,22565
"2022-05-25","嘉定区",0,0,1,4,0,1,4,5,4,1245,165,1208,2618,20601,558,21159,23777,22569
"2022-05-26","嘉定区",0,0,1,3,0,1,3,4,3,1245,165,1209,2619,20604,558,21162,23781,22572
"2022-05-27","嘉定区",0,0,1,3,0,1,3,4,3,1245,165,1210,2620,20607,558,21165,23785,22575
"2022-05-28","嘉定区",0,0,0,0,0,0,0,0,0,1245,165,1210,2620,20607,558,21165,23785,22575
"2022-05-29","嘉定区",0,0,0,2,0,0,2,2,2,1245,165,1210,2620,20609,558,21167,23787,22577
"2022-05-30","嘉定区",0,0,0,0,0,0,0,0,0,1245,165,1210,2620,20609,558,21167,23787,22577
"2022-05-31","嘉定区",0,0,0,0,0,0,0,0,0,1245,165,1210,2620,20609,558,21167,23787,22577
"2022-06-01","嘉定区",0,0,0,0,0,0,0,0,0,1245,165,1210,2620,20609,558,21167,23787,22577
"2022-06-02","嘉定区",0,0,0,0,0,0,0,0,0,1245,165,1210,2620,20609,558,21167,23787,22577
"2022-06-03","嘉定区",0,0,0,0,0,0,0,0,0,1245,165,1210,2620,20609,558,21167,23787,22577
"2022-06-04","嘉定区",0,0,0,0,0,0,0,0,0,1245,165,1210,2620,20609,558,21167,23787,22577
"2022-06-05","嘉定区",0,0,0,0,0,0,0,0,0,1245,165,1210,2620,20609,558,21167,23787,22577
"2022-06-06","嘉定区",0,0,0,0,0,0,0,0,0,1245,165,1210,2620,20609,558,21167,23787,22577
"2022-06-07","嘉定区",0,0,0,0,0,0,0,0,0,1245,165,1210,2620,20609,558,21167,23787,22577
"2022-06-08","嘉定区",0,0,0,0,0,0,0,0,0,1245,165,1210,2620,20609,558,21167,23787,22577
"2022-06-09","嘉定区",0,0,0,0,0,0,0,0,0,1245,165,1210,2620,20609,558,21167,23787,22577
"2022-06-10","嘉定区",0,0,0,0,0,0,0,0,0,1245,165,1210,2620,20609,558,21167,23787,22577
"2022-06-11","嘉定区",0,0,0,0,0,0,0,0,0,1245,165,1210,2620,20609,558,21167,23787,22577
"2022-06-12","嘉定区",0,0,0,0,0,0,0,0,0,1245,165,1210,2620,20609,558,21167,23787,22577
"2022-06-13","嘉定区",0,0,0,1,0,0,1,1,1,1245,165,1210,2620,20610,558,21168,23788,22578
"2022-06-14","嘉定区",0,0,0,0,0,0,0,0,0,1245,165,1210,2620,20610,558,21168,23788,22578
"2022-06-15","嘉定区",0,0,0,0,0,0,0,0,0,1245,165,1210,2620,20610,558,21168,23788,22578
"2022-06-16","嘉定区",0,0,0,1,0,0,1,1,1,1245,165,1210,2620,20611,558,21169,23789,22579
"2022-06-17","嘉定区",0,0,0,0,0,0,0,0,0,1245,165,1210,2620,20611,558,21169,23789,22579
"2022-06-18","嘉定区",0,0,0,0,0,0,0,0,0,1245,165,1210,2620,20611,558,21169,23789,22579
"2022-06-19","嘉定区",0,0,0,0,0,0,0,0,0,1245,165,1210,2620,20611,558,21169,23789,22579
"2022-06-20","嘉定区",0,0,0,0,0,0,0,0,0,1245,165,1210,2620,20611,558,21169,23789,22579
"2022-06-21","嘉定区",0,0,0,0,0,0,0,0,0,1245,165,1210,2620,20611,558,21169,23789,22579
"2022-06-22","嘉定区",0,0,0,0,0,0,0,0,0,1245,165,1210,2620,20611,558,21169,23789,22579
"2022-06-23","嘉定区",0,0,0,0,0,0,0,0,0,1245,165,1210,2620,20611,558,21169,23789,22579
"2022-06-24","嘉定区",0,0,0,0,0,0,0,0,0,1245,165,1210,2620,20611,558,21169,23789,22579
"2022-06-25","嘉定区",0,0,0,0,0,0,0,0,0,1245,165,1210,2620,20611,558,21169,23789,22579
"2022-06-26","嘉定区",0,0,0,0,0,0,0,0,0,1245,165,1210,2620,20611,558,21169,23789,22579
"2022-06-27","嘉定区",0,0,0,0,0,0,0,0,0,1245,165,1210,2620,20611,558,21169,23789,22579
"2022-06-28","嘉定区",0,0,0,0,0,0,0,0,0,1245,165,1210,2620,20611,558,21169,23789,22579
"2022-06-29","嘉定区",0,0,0,0,0,0,0,0,0,1245,165,1210,2620,20611,558,21169,23789,22579
"2022-06-30","嘉定区",0,0,0,0,0,0,0,0,0,1245,165,1210,2620,20611,558,21169,23789,22579
"2022-07-01","嘉定区",0,0,0,0,0,0,0,0,0,1245,165,1210,2620,20611,558,21169,23789,22579
"2022-07-02","嘉定区",0,0,0,0,0,0,0,0,0,1245,165,1210,2620,20611,558,21169,23789,22579
"2022-07-03","嘉定区",0,0,0,0,0,0,0,0,0,1245,165,1210,2620,20611,558,21169,23789,22579
"2022-07-04","嘉定区",0,0,0,0,0,0,0,0,0,1245,165,1210,2620,20611,558,21169,23789,22579
"2022-07-05","嘉定区",1,0,0,0,0,1,0,1,1,1246,165,1210,2621,20611,558,21169,23790,22580
"2022-07-06","嘉定区",1,0,0,0,0,1,0,1,1,1247,165,1210,2622,20611,558,21169,23791,22581
"2022-07-07","嘉定区",0,0,0,1,0,0,1,1,1,1247,165,1210,2622,20612,558,21170,23792,22582
"2022-07-08","嘉定区",0,0,0,3,0,0,3,3,3,1247,165,1210,2622,20615,558,21173,23795,22585
"2022-07-09","嘉定区",0,0,0,3,0,0,3,3,3,1247,165,1210,2622,20618,558,21176,23798,22588
"2022-07-10","嘉定区",0,0,0,5,0,0,5,5,5,1247,165,1210,2622,20623,558,21181,23803,22593
"2022-03-09","金山区",0,0,0,0,0,0,0,0,0,0,0,0,0,0,0,0,0,0
"2022-03-10","金山区",0,0,0,0,0,0,0,0,0,0,0,0,0,0,0,0,0,0
"2022-03-11","金山区",0,0,0,0,4,0,4,4,4,0,0,0,0,0,4,4,4,4
"2022-03-12","金山区",0,0,0,4,0,0,4,4,4,0,0,0,0,4,4,8,8,8
"2022-03-13","金山区",1,0,0,5,1,1,6,7,7,1,0,0,1,9,5,14,15,15
"2022-03-14","金山区",0,0,0,3,1,0,4,4,4,1,0,0,1,12,6,18,19,19
"2022-03-15","金山区",0,0,0,7,1,0,8,8,8,1,0,0,1,19,7,26,27,27
"2022-03-16","金山区",0,0,0,0,0,0,0,0,0,1,0,0,1,19,7,26,27,27
"2022-03-17","金山区",0,0,0,0,1,0,1,1,1,1,0,0,1,19,8,27,28,28
"2022-03-18","金山区",1,1,0,7,8,2,15,17,17,2,1,0,3,26,16,42,45,45
"2022-03-19","金山区",0,0,0,3,0,0,3,3,3,2,1,0,3,29,16,45,48,48
"2022-03-20","金山区",0,0,0,11,0,0,11,11,11,2,1,0,3,40,16,56,59,59
"2022-03-21","金山区",1,0,0,14,1,1,15,16,16,3,1,0,4,54,17,71,75,75
"2022-03-22","金山区",0,0,0,4,0,0,4,4,4,3,1,0,4,58,17,75,79,79
"2022-03-23","金山区",0,0,0,5,0,0,5,5,5,3,1,0,4,63,17,80,84,84
"2022-03-24","金山区",0,0,0,10,2,0,12,12,12,3,1,0,4,73,19,92,96,96
"2022-03-25","金山区",0,0,0,1,0,0,1,1,1,3,1,0,4,74,19,93,97,97
"2022-03-26","金山区",0,0,0,4,0,0,4,4,4,3,1,0,4,78,19,97,101,101
"2022-03-27","金山区",0,0,0,10,3,0,13,13,13,3,1,0,4,88,22,110,114,114
"2022-03-28","金山区",0,1,0,17,1,1,18,19,19,3,2,0,5,105,23,128,133,133
"2022-03-29","金山区",0,2,0,23,1,2,24,26,26,3,4,0,7,128,24,152,159,159
"2022-03-30","金山区",0,0,0,30,3,0,33,33,33,3,4,0,7,158,27,185,192,192
"2022-03-31","金山区",0,3,0,38,1,3,39,42,42,3,7,0,10,196,28,224,234,234
"2022-04-01","金山区",0,3,0,46,0,3,46,49,49,3,10,0,13,242,28,270,283,283
"2022-04-02","金山区",0,0,0,60,0,0,60,60,60,3,10,0,13,302,28,330,343,343
"2022-04-03","金山区",0,4,0,92,7,4,99,103,103,3,14,0,17,394,35,429,446,446
"2022-04-04","金山区",0,1,0,50,1,1,51,52,52,3,15,0,18,444,36,480,498,498
"2022-04-05","金山区",0,1,0,76,0,1,76,77,77,3,16,0,19,520,36,556,575,575
"2022-04-06","金山区",0,3,0,74,2,3,76,79,79,3,19,0,22,594,38,632,654,654
"2022-04-07","金山区",0,1,71,51,6,72,57,129,58,3,20,71,94,645,44,689,783,712
"2022-04-08","金山区",0,2,43,40,5,45,45,90,47,3,22,114,139,685,49,734,873,759
"2022-04-09","金山区",20,1,23,21,3,44,24,68,45,23,23,137,183,706,52,758,941,804
"2022-04-10","金山区",14,1,0,38,4,15,42,57,57,37,24,137,198,744,56,800,998,861
"2022-04-11","金山区",0,0,3,32,3,3,35,38,35,37,24,140,201,776,59,835,1036,896
"2022-04-12","金山区",2,1,0,34,2,3,36,39,39,39,25,140,204,810,61,871,1075,935
"2022-04-13","金山区",12,0,0,22,0,12,22,34,34,51,25,140,216,832,61,893,1109,969
"2022-04-14","金山区",21,2,0,5,0,23,5,28,28,72,27,140,239,837,61,898,1137,997
"2022-04-15","金山区",21,0,0,10,0,21,10,31,31,93,27,140,260,847,61,908,1168,1028
"2022-04-16","金山区",4,0,5,12,0,9,12,21,16,97,27,145,269,859,61,920,1189,1044
"2022-04-17","金山区",4,0,1,18,1,5,19,24,23,101,27,146,274,877,62,939,1213,1067
"2022-04-18","金山区",3,0,0,4,0,3,4,7,7,104,27,146,277,881,62,943,1220,1074
"2022-04-19","金山区",0,0,1,8,0,1,8,9,8,104,27,147,278,889,62,951,1229,1082
"2022-04-20","金山区",9,0,7,8,1,16,9,25,18,113,27,154,294,897,63,960,1254,1100
"2022-04-21","金山区",2,0,6,22,0,8,22,30,24,115,27,160,302,919,63,982,1284,1124
"2022-04-22","金山区",0,0,0,25,1,0,26,26,26,115,27,160,302,944,64,1008,1310,1150
"2022-04-23","金山区",0,0,0,43,1,0,44,44,44,115,27,160,302,987,65,1052,1354,1194
"2022-04-24","金山区",0,0,0,67,1,0,68,68,68,115,27,160,302,1054,66,1120,1422,1262
"2022-04-25","金山区",0,0,0,22,0,0,22,22,22,115,27,160,302,1076,66,1142,1444,1284
"2022-04-26","金山区",1,0,1,25,1,2,26,28,27,116,27,161,304,1101,67,1168,1472,1311
"2022-04-27","金山区",2,0,8,31,0,10,31,41,33,118,27,169,314,1132,67,1199,1513,1344
"2022-04-28","金山区",1,0,7,20,0,8,20,28,21,119,27,176,322,1152,67,1219,1541,1365
"2022-04-29","金山区",0,0,1,18,0,1,18,19,18,119,27,177,323,1170,67,1237,1560,1383
"2022-04-30","金山区",0,0,0,11,0,0,11,11,11,119,27,177,323,1181,67,1248,1571,1394
"2022-05-01","金山区",0,0,2,12,0,2,12,14,12,119,27,179,325,1193,67,1260,1585,1406
"2022-05-02","金山区",0,0,0,7,0,0,7,7,7,119,27,179,325,1200,67,1267,1592,1413
"2022-05-03","金山区",0,0,0,4,0,0,4,4,4,119,27,179,325,1204,67,1271,1596,1417
"2022-05-04","金山区",0,0,1,2,0,1,2,3,2,119,27,180,326,1206,67,1273,1599,1419
"2022-05-05","金山区",0,0,1,1,0,1,1,2,1,119,27,181,327,1207,67,1274,1601,1420
"2022-05-06","金山区",0,0,3,4,1,3,5,8,5,119,27,184,330,1211,68,1279,1609,1425
"2022-05-07","金山区",0,0,0,0,0,0,0,0,0,119,27,184,330,1211,68,1279,1609,1425
"2022-05-08","金山区",0,0,2,2,0,2,2,4,2,119,27,186,332,1213,68,1281,1613,1427
"2022-05-09","金山区",0,0,0,1,0,0,1,1,1,119,27,186,332,1214,68,1282,1614,1428
"2022-05-10","金山区",0,0,0,0,0,0,0,0,0,119,27,186,332,1214,68,1282,1614,1428
"2022-05-11","金山区",0,0,0,3,0,0,3,3,3,119,27,186,332,1217,68,1285,1617,1431
"2022-05-12","金山区",0,0,0,1,0,0,1,1,1,119,27,186,332,1218,68,1286,1618,1432
"2022-05-13","金山区",0,0,0,7,0,0,7,7,7,119,27,186,332,1225,68,1293,1625,1439
"2022-05-14","金山区",0,0,0,16,0,0,16,16,16,119,27,186,332,1241,68,1309,1641,1455
"2022-05-15","金山区",0,0,1,3,0,1,3,4,3,119,27,187,333,1244,68,1312,1645,1458
"2022-05-16","金山区",0,0,1,5,0,1,5,6,5,119,27,188,334,1249,68,1317,1651,1463
"2022-05-17","金山区",0,0,0,8,0,0,8,8,8,119,27,188,334,1257,68,1325,1659,1471
"2022-05-18","金山区",0,0,0,9,0,0,9,9,9,119,27,188,334,1266,68,1334,1668,1480
"2022-05-19","金山区",0,0,0,1,0,0,1,1,1,119,27,188,334,1267,68,1335,1669,1481
"2022-05-20","金山区",0,0,0,1,0,0,1,1,1,119,27,188,334,1268,68,1336,1670,1482
"2022-05-21","金山区",0,0,0,0,0,0,0,0,0,119,27,188,334,1268,68,1336,1670,1482
"2022-05-22","金山区",0,0,0,0,0,0,0,0,0,119,27,188,334,1268,68,1336,1670,1482
"2022-05-23","金山区",0,0,0,0,0,0,0,0,0,119,27,188,334,1268,68,1336,1670,1482
"2022-05-24","金山区",0,0,0,0,0,0,0,0,0,119,27,188,334,1268,68,1336,1670,1482
"2022-05-25","金山区",0,0,0,0,0,0,0,0,0,119,27,188,334,1268,68,1336,1670,1482
"2022-05-26","金山区",0,0,0,0,0,0,0,0,0,119,27,188,334,1268,68,1336,1670,1482
"2022-05-27","金山区",0,0,0,0,0,0,0,0,0,119,27,188,334,1268,68,1336,1670,1482
"2022-05-28","金山区",0,0,0,0,0,0,0,0,0,119,27,188,334,1268,68,1336,1670,1482
"2022-05-29","金山区",0,0,0,0,0,0,0,0,0,119,27,188,334,1268,68,1336,1670,1482
"2022-05-30","金山区",0,0,0,0,0,0,0,0,0,119,27,188,334,1268,68,1336,1670,1482
"2022-05-31","金山区",0,0,0,0,0,0,0,0,0,119,27,188,334,1268,68,1336,1670,1482
"2022-06-01","金山区",0,0,0,0,0,0,0,0,0,119,27,188,334,1268,68,1336,1670,1482
"2022-06-02","金山区",0,0,0,0,0,0,0,0,0,119,27,188,334,1268,68,1336,1670,1482
"2022-06-03","金山区",0,0,0,0,0,0,0,0,0,119,27,188,334,1268,68,1336,1670,1482
"2022-06-04","金山区",0,0,0,0,0,0,0,0,0,119,27,188,334,1268,68,1336,1670,1482
"2022-06-05","金山区",0,0,0,0,0,0,0,0,0,119,27,188,334,1268,68,1336,1670,1482
"2022-06-06","金山区",0,0,0,0,0,0,0,0,0,119,27,188,334,1268,68,1336,1670,1482
"2022-06-07","金山区",0,0,0,0,0,0,0,0,0,119,27,188,334,1268,68,1336,1670,1482
"2022-06-08","金山区",0,0,0,0,0,0,0,0,0,119,27,188,334,1268,68,1336,1670,1482
"2022-06-09","金山区",0,0,0,0,0,0,0,0,0,119,27,188,334,1268,68,1336,1670,1482
"2022-06-10","金山区",0,0,0,0,0,0,0,0,0,119,27,188,334,1268,68,1336,1670,1482
"2022-06-11","金山区",0,0,0,0,0,0,0,0,0,119,27,188,334,1268,68,1336,1670,1482
"2022-06-12","金山区",0,0,0,0,0,0,0,0,0,119,27,188,334,1268,68,1336,1670,1482
"2022-06-13","金山区",0,0,0,0,0,0,0,0,0,119,27,188,334,1268,68,1336,1670,1482
"2022-06-14","金山区",0,0,0,0,0,0,0,0,0,119,27,188,334,1268,68,1336,1670,1482
"2022-06-15","金山区",0,0,0,0,0,0,0,0,0,119,27,188,334,1268,68,1336,1670,1482
"2022-06-16","金山区",0,0,0,0,0,0,0,0,0,119,27,188,334,1268,68,1336,1670,1482
"2022-06-17","金山区",0,0,0,0,0,0,0,0,0,119,27,188,334,1268,68,1336,1670,1482
"2022-06-18","金山区",0,0,0,0,0,0,0,0,0,119,27,188,334,1268,68,1336,1670,1482
"2022-06-19","金山区",0,0,0,0,0,0,0,0,0,119,27,188,334,1268,68,1336,1670,1482
"2022-06-20","金山区",0,0,0,0,0,0,0,0,0,119,27,188,334,1268,68,1336,1670,1482
"2022-06-21","金山区",0,0,0,0,0,0,0,0,0,119,27,188,334,1268,68,1336,1670,1482
"2022-06-22","金山区",0,0,0,0,0,0,0,0,0,119,27,188,334,1268,68,1336,1670,1482
"2022-06-23","金山区",0,0,0,0,0,0,0,0,0,119,27,188,334,1268,68,1336,1670,1482
"2022-06-24","金山区",0,0,0,0,0,0,0,0,0,119,27,188,334,1268,68,1336,1670,1482
"2022-06-25","金山区",0,0,0,0,0,0,0,0,0,119,27,188,334,1268,68,1336,1670,1482
"2022-06-26","金山区",0,0,0,0,0,0,0,0,0,119,27,188,334,1268,68,1336,1670,1482
"2022-06-27","金山区",0,0,0,0,0,0,0,0,0,119,27,188,334,1268,68,1336,1670,1482
"2022-06-28","金山区",0,0,0,0,0,0,0,0,0,119,27,188,334,1268,68,1336,1670,1482
"2022-06-29","金山区",0,0,0,0,0,0,0,0,0,119,27,188,334,1268,68,1336,1670,1482
"2022-06-30","金山区",0,0,0,0,0,0,0,0,0,119,27,188,334,1268,68,1336,1670,1482
"2022-07-01","金山区",0,0,0,0,0,0,0,0,0,119,27,188,334,1268,68,1336,1670,1482
"2022-07-02","金山区",0,0,0,0,0,0,0,0,0,119,27,188,334,1268,68,1336,1670,1482
"2022-07-03","金山区",0,0,0,0,0,0,0,0,0,119,27,188,334,1268,68,1336,1670,1482
"2022-07-04","金山区",0,0,0,0,0,0,0,0,0,119,27,188,334,1268,68,1336,1670,1482
"2022-07-05","金山区",0,0,0,0,0,0,0,0,0,119,27,188,334,1268,68,1336,1670,1482
"2022-07-06","金山区",0,0,0,0,0,0,0,0,0,119,27,188,334,1268,68,1336,1670,1482
"2022-07-07","金山区",0,0,0,0,0,0,0,0,0,119,27,188,334,1268,68,1336,1670,1482
"2022-07-08","金山区",0,0,0,1,0,0,1,1,1,119,27,188,334,1269,68,1337,1671,1483
"2022-07-09","金山区",0,0,0,0,0,0,0,0,0,119,27,188,334,1269,68,1337,1671,1483
"2022-07-10","金山区",0,0,0,0,0,0,0,0,0,119,27,188,334,1269,68,1337,1671,1483
"2022-03-09","静安区",1,0,0,2,1,1,3,4,4,1,0,0,1,2,1,3,4,4
"2022-03-10","静安区",0,0,0,1,1,0,2,2,2,1,0,0,1,3,2,5,6,6
"2022-03-11","静安区",0,0,0,3,1,0,4,4,4,1,0,0,1,6,3,9,10,10
"2022-03-12","静安区",0,0,0,2,0,0,2,2,2,1,0,0,1,8,3,11,12,12
"2022-03-13","静安区",0,5,1,3,1,6,4,10,9,1,5,1,7,11,4,15,22,21
"2022-03-14","静安区",0,0,0,5,1,0,6,6,6,1,5,1,7,16,5,21,28,27
"2022-03-15","静安区",0,0,0,9,1,0,10,10,10,1,5,1,7,25,6,31,38,37
"2022-03-16","静安区",0,0,0,0,3,0,3,3,3,1,5,1,7,25,9,34,41,40
"2022-03-17","静安区",0,1,0,0,3,1,3,4,4,1,6,1,8,25,12,37,45,44
"2022-03-18","静安区",0,0,0,8,4,0,12,12,12,1,6,1,8,33,16,49,57,56
"2022-03-19","静安区",0,0,0,5,10,0,15,15,15,1,6,1,8,38,26,64,72,71
"2022-03-20","静安区",0,0,0,31,1,0,32,32,32,1,6,1,8,69,27,96,104,103
"2022-03-21","静安区",0,0,0,38,6,0,44,44,44,1,6,1,8,107,33,140,148,147
"2022-03-22","静安区",0,0,0,25,3,0,28,28,28,1,6,1,8,132,36,168,176,175
"2022-03-23","静安区",0,0,0,46,2,0,48,48,48,1,6,1,8,178,38,216,224,223
"2022-03-24","静安区",1,7,0,58,4,8,62,70,70,2,13,1,16,236,42,278,294,293
"2022-03-25","静安区",0,0,0,2,0,0,2,2,2,2,13,1,16,238,42,280,296,295
"2022-03-26","静安区",1,2,0,99,6,3,105,108,108,3,15,1,19,337,48,385,404,403
"2022-03-27","静安区",0,5,0,61,4,5,65,70,70,3,20,1,24,398,52,450,474,473
"2022-03-28","静安区",0,3,7,90,4,10,94,104,97,3,23,8,34,488,56,544,578,570
"2022-03-29","静安区",0,7,1,156,11,8,167,175,174,3,30,9,42,644,67,711,753,744
"2022-03-30","静安区",1,7,0,78,16,8,94,102,102,4,37,9,50,722,83,805,855,846
"2022-03-31","静安区",1,3,0,147,13,4,160,164,164,5,40,9,54,869,96,965,1019,1010
"2022-04-01","静安区",0,11,0,147,31,11,178,189,189,5,51,9,65,1016,127,1143,1208,1199
"2022-04-02","静安区",0,24,2,261,37,26,298,324,322,5,75,11,91,1277,164,1441,1532,1521
"2022-04-03","静安区",1,25,3,264,45,29,309,338,335,6,100,14,120,1541,209,1750,1870,1856
"2022-04-04","静安区",0,1,0,44,5,1,49,50,50,6,101,14,121,1585,214,1799,1920,1906
"2022-04-05","静安区",0,11,1,273,17,12,290,302,301,6,112,15,133,1858,231,2089,2222,2207
"2022-04-06","静安区",1,25,1,501,17,27,518,545,544,7,137,16,160,2359,248,2607,2767,2751
"2022-04-07","静安区",0,5,17,352,7,22,359,381,364,7,142,33,182,2711,255,2966,3148,3115
"2022-04-08","静安区",2,23,17,598,25,42,623,665,648,9,165,50,224,3309,280,3589,3813,3763
"2022-04-09","静安区",3,21,1,559,18,25,577,602,601,12,186,51,249,3868,298,4166,4415,4364
"2022-04-10","静安区",0,27,2,560,14,29,574,603,601,12,213,53,278,4428,312,4740,5018,4965
"2022-04-11","静安区",0,9,11,517,15,20,532,552,541,12,222,64,298,4945,327,5272,5570,5506
"2022-04-12","静安区",27,46,2,913,68,75,981,1056,1054,39,268,66,373,5858,395,6253,6626,6560
"2022-04-13","静安区",36,13,0,160,11,49,171,220,220,75,281,66,422,6018,406,6424,6846,6780
"2022-04-14","静安区",61,9,0,184,12,70,196,266,266,136,290,66,492,6202,418,6620,7112,7046
"2022-04-15","静安区",82,9,1,322,19,92,341,433,432,218,299,67,584,6524,437,6961,7545,7478
"2022-04-16","静安区",125,18,0,986,5,143,991,1134,1134,343,317,67,727,7510,442,7952,8679,8612
"2022-04-17","静安区",114,10,3,710,5,127,715,842,839,457,327,70,854,8220,447,8667,9521,9451
"2022-04-18","静安区",179,21,3,803,4,203,807,1010,1007,636,348,73,1057,9023,451,9474,10531,10458
"2022-04-19","静安区",182,13,10,1502,26,205,1528,1733,1723,818,361,83,1262,10525,477,11002,12264,12181
"2022-04-20","静安区",128,10,26,963,3,164,966,1130,1104,946,371,109,1426,11488,480,11968,13394,13285
"2022-04-21","静安区",140,9,1,1906,8,150,1914,2064,2063,1086,380,110,1576,13394,488,13882,15458,15348
"2022-04-22","静安区",64,8,4,701,9,76,710,786,782,1150,388,114,1652,14095,497,14592,16244,16130
"2022-04-23","静安区",36,2,2,426,5,40,431,471,469,1186,390,116,1692,14521,502,15023,16715,16599
"2022-04-24","静安区",107,6,29,1546,14,142,1560,1702,1673,1293,396,145,1834,16067,516,16583,18417,18272
"2022-04-25","静安区",30,1,100,883,2,131,885,1016,916,1323,397,245,1965,16950,518,17468,19433,19188
"2022-04-26","静安区",25,6,114,1246,3,145,1249,1394,1280,1348,403,359,2110,18196,521,18717,20827,20468
"2022-04-27","静安区",19,0,13,1042,15,32,1057,1089,1076,1367,403,372,2142,19238,536,19774,21916,21544
"2022-04-28","静安区",32,1,316,1008,7,349,1015,1364,1048,1399,404,688,2491,20246,543,20789,23280,22592
"2022-04-29","静安区",34,0,90,1143,0,124,1143,1267,1177,1433,404,778,2615,21389,543,21932,24547,23769
"2022-04-30","静安区",17,0,93,886,0,110,886,996,903,1450,404,871,2725,22275,543,22818,25543,24672
"2022-05-01","静安区",34,0,36,632,0,70,632,702,666,1484,404,907,2795,22907,543,23450,26245,25338
"2022-05-02","静安区",5,0,15,594,2,20,596,616,601,1489,404,922,2815,23501,545,24046,26861,25939
"2022-05-03","静安区",9,0,8,548,0,17,548,565,557,1498,404,930,2832,24049,545,24594,27426,26496
"2022-05-04","静安区",9,0,11,524,1,20,525,545,534,1507,404,941,2852,24573,546,25119,27971,27030
"2022-05-05","静安区",8,0,22,483,2,30,485,515,493,1515,404,963,2882,25056,548,25604,28486,27523
"2022-05-06","静安区",1,0,15,468,0,16,468,484,469,1516,404,978,2898,25524,548,26072,28970,27992
"2022-05-07","静安区",3,0,16,529,0,19,529,548,532,1519,404,994,2917,26053,548,26601,29518,28524
"2022-05-08","静安区",16,0,22,581,1,38,582,620,598,1535,404,1016,2955,26634,549,27183,30138,29122
"2022-05-09","静安区",7,0,15,370,1,22,371,393,378,1542,404,1031,2977,27004,550,27554,30531,29500
"2022-05-10","静安区",5,0,23,191,0,28,191,219,196,1547,404,1054,3005,27195,550,27745,30750,29696
"2022-05-11","静安区",3,0,9,158,0,12,158,170,161,1550,404,1063,3017,27353,550,27903,30920,29857
"2022-05-12","静安区",11,0,24,172,0,35,172,207,183,1561,404,1087,3052,27525,550,28075,31127,30040
"2022-05-13","静安区",12,0,22,150,0,34,150,184,162,1573,404,1109,3086,27675,550,28225,31311,30202
"2022-05-14","静安区",21,0,6,116,0,27,116,143,137,1594,404,1115,3113,27791,550,28341,31454,30339
"2022-05-15","静安区",8,0,2,69,0,10,69,79,77,1602,404,1117,3123,27860,550,28410,31533,30416
"2022-05-16","静安区",5,0,9,48,0,14,48,62,53,1607,404,1126,3137,27908,550,28458,31595,30469
"2022-05-17","静安区",1,0,14,88,0,15,88,103,89,1608,404,1140,3152,27996,550,28546,31698,30558
"2022-05-18","静安区",1,0,12,56,0,13,56,69,57,1609,404,1152,3165,28052,550,28602,31767,30615
"2022-05-19","静安区",0,0,9,142,0,9,142,151,142,1609,404,1161,3174,28194,550,28744,31918,30757
"2022-05-20","静安区",5,0,1,81,0,6,81,87,86,1614,404,1162,3180,28275,550,28825,32005,30843
"2022-05-21","静安区",2,0,2,77,0,4,77,81,79,1616,404,1164,3184,28352,550,28902,32086,30922
"2022-05-22","静安区",1,0,1,60,0,2,60,62,61,1617,404,1165,3186,28412,550,28962,32148,30983
"2022-05-23","静安区",2,0,5,50,0,7,50,57,52,1619,404,1170,3193,28462,550,29012,32205,31035
"2022-05-24","静安区",4,0,0,36,0,4,36,40,40,1623,404,1170,3197,28498,550,29048,32245,31075
"2022-05-25","静安区",1,0,2,36,0,3,36,39,37,1624,404,1172,3200,28534,550,29084,32284,31112
"2022-05-26","静安区",2,0,2,28,0,4,28,32,30,1626,404,1174,3204,28562,550,29112,32316,31142
"2022-05-27","静安区",0,0,3,18,0,3,18,21,18,1626,404,1177,3207,28580,550,29130,32337,31160
"2022-05-28","静安区",1,0,1,10,0,2,10,12,11,1627,404,1178,3209,28590,550,29140,32349,31171
"2022-05-29","静安区",0,0,0,8,0,0,8,8,8,1627,404,1178,3209,28598,550,29148,32357,31179
"2022-05-30","静安区",1,0,0,5,0,1,5,6,6,1628,404,1178,3210,28603,550,29153,32363,31185
"2022-05-31","静安区",0,0,0,2,0,0,2,2,2,1628,404,1178,3210,28605,550,29155,32365,31187
"2022-06-01","静安区",0,0,2,2,0,2,2,4,2,1628,404,1180,3212,28607,550,29157,32369,31189
"2022-06-02","静安区",1,2,0,0,1,3,1,4,4,1629,406,1180,3215,28607,551,29158,32373,31193
"2022-06-03","静安区",0,0,0,5,0,0,5,5,5,1629,406,1180,3215,28612,551,29163,32378,31198
"2022-06-04","静安区",0,0,0,0,0,0,0,0,0,1629,406,1180,3215,28612,551,29163,32378,31198
"2022-06-05","静安区",0,0,0,0,0,0,0,0,0,1629,406,1180,3215,28612,551,29163,32378,31198
"2022-06-06","静安区",0,1,0,0,0,1,0,1,1,1629,407,1180,3216,28612,551,29163,32379,31199
"2022-06-07","静安区",0,1,0,3,1,1,4,5,5,1629,408,1180,3217,28615,552,29167,32384,31204
"2022-06-08","静安区",1,0,0,1,0,1,1,2,2,1630,408,1180,3218,28616,552,29168,32386,31206
"2022-06-09","静安区",0,0,0,0,0,0,0,0,0,1630,408,1180,3218,28616,552,29168,32386,31206
"2022-06-10","静安区",0,1,0,0,1,1,1,2,2,1630,409,1180,3219,28616,553,29169,32388,31208
"2022-06-11","静安区",1,1,0,3,0,2,3,5,5,1631,410,1180,3221,28619,553,29172,32393,31213
"2022-06-12","静安区",0,1,0,0,0,1,0,1,1,1631,411,1180,3222,28619,553,29172,32394,31214
"2022-06-13","静安区",0,0,0,2,0,0,2,2,2,1631,411,1180,3222,28621,553,29174,32396,31216
"2022-06-14","静安区",0,0,0,0,0,0,0,0,0,1631,411,1180,3222,28621,553,29174,32396,31216
"2022-06-15","静安区",0,0,0,0,0,0,0,0,0,1631,411,1180,3222,28621,553,29174,32396,31216
"2022-06-16","静安区",0,0,0,0,0,0,0,0,0,1631,411,1180,3222,28621,553,29174,32396,31216
"2022-06-17","静安区",0,0,0,0,0,0,0,0,0,1631,411,1180,3222,28621,553,29174,32396,31216
"2022-06-18","静安区",1,2,0,4,0,3,4,7,7,1632,413,1180,3225,28625,553,29178,32403,31223
"2022-06-19","静安区",6,0,0,0,0,6,0,6,6,1638,413,1180,3231,28625,553,29178,32409,31229
"2022-06-20","静安区",0,1,0,0,0,1,0,1,1,1638,414,1180,3232,28625,553,29178,32410,31230
"2022-06-21","静安区",2,0,0,2,0,2,2,4,4,1640,414,1180,3234,28627,553,29180,32414,31234
"2022-06-22","静安区",0,0,0,0,0,0,0,0,0,1640,414,1180,3234,28627,553,29180,32414,31234
"2022-06-23","静安区",0,0,0,0,0,0,0,0,0,1640,414,1180,3234,28627,553,29180,32414,31234
"2022-06-24","静安区",0,0,0,0,0,0,0,0,0,1640,414,1180,3234,28627,553,29180,32414,31234
"2022-06-25","静安区",0,0,0,0,0,0,0,0,0,1640,414,1180,3234,28627,553,29180,32414,31234
"2022-06-26","静安区",2,0,0,0,1,2,1,3,3,1642,414,1180,3236,28627,554,29181,32417,31237
"2022-06-27","静安区",0,0,0,0,0,0,0,0,0,1642,414,1180,3236,28627,554,29181,32417,31237
"2022-06-28","静安区",0,0,0,0,0,0,0,0,0,1642,414,1180,3236,28627,554,29181,32417,31237
"2022-06-29","静安区",0,0,0,0,0,0,0,0,0,1642,414,1180,3236,28627,554,29181,32417,31237
"2022-06-30","静安区",0,0,0,0,0,0,0,0,0,1642,414,1180,3236,28627,554,29181,32417,31237
"2022-07-01","静安区",0,0,0,0,0,0,0,0,0,1642,414,1180,3236,28627,554,29181,32417,31237
"2022-07-02","静安区",0,0,0,0,0,0,0,0,0,1642,414,1180,3236,28627,554,29181,32417,31237
"2022-07-03","静安区",0,0,0,0,0,0,0,0,0,1642,414,1180,3236,28627,554,29181,32417,31237
"2022-07-04","静安区",1,0,0,0,0,1,0,1,1,1643,414,1180,3237,28627,554,29181,32418,31238
"2022-07-05","静安区",1,0,0,4,0,1,4,5,5,1644,414,1180,3238,28631,554,29185,32423,31243
"2022-07-06","静安区",4,0,0,2,0,4,2,6,6,1648,414,1180,3242,28633,554,29187,32429,31249
"2022-07-07","静安区",0,0,0,3,0,0,3,3,3,1648,414,1180,3242,28636,554,29190,32432,31252
"2022-07-08","静安区",0,0,0,1,0,0,1,1,1,1648,414,1180,3242,28637,554,29191,32433,31253
"2022-07-09","静安区",0,0,0,5,0,0,5,5,5,1648,414,1180,3242,28642,554,29196,32438,31258
"2022-07-10","静安区",0,0,0,8,0,0,8,8,8,1648,414,1180,3242,28650,554,29204,32446,31266
"2022-03-09","闵行区",1,0,0,21,3,1,24,25,25,1,0,0,1,21,3,24,25,25
"2022-03-10","闵行区",0,2,0,12,0,2,12,14,14,1,2,0,3,33,3,36,39,39
"2022-03-11","闵行区",0,0,0,12,5,0,17,17,17,1,2,0,3,45,8,53,56,56
"2022-03-12","闵行区",1,0,0,10,0,1,10,11,11,2,2,0,4,55,8,63,67,67
"2022-03-13","闵行区",3,3,3,15,5,9,20,29,26,5,5,3,13,70,13,83,96,93
"2022-03-14","闵行区",1,1,0,19,5,2,24,26,26,6,6,3,15,89,18,107,122,119
"2022-03-15","闵行区",0,0,1,17,13,1,30,31,30,6,6,4,16,106,31,137,153,149
"2022-03-16","闵行区",1,0,0,7,10,1,17,18,18,7,6,4,17,113,41,154,171,167
"2022-03-17","闵行区",1,3,0,64,14,4,78,82,82,8,9,4,21,177,55,232,253,249
"2022-03-18","闵行区",1,0,0,36,22,1,58,59,59,9,9,4,22,213,77,290,312,308
"2022-03-19","闵行区",0,0,4,1,48,4,49,53,49,9,9,8,26,214,125,339,365,357
"2022-03-20","闵行区",18,0,0,218,29,18,247,265,265,27,9,8,44,432,154,586,630,622
"2022-03-21","闵行区",10,0,0,103,9,10,112,122,122,37,9,8,54,535,163,698,752,744
"2022-03-22","闵行区",0,0,0,285,20,0,305,305,305,37,9,8,54,820,183,1003,1057,1049
"2022-03-23","闵行区",2,0,0,235,19,2,254,256,256,39,9,8,56,1055,202,1257,1313,1305
"2022-03-24","闵行区",0,0,0,467,23,0,490,490,490,39,9,8,56,1522,225,1747,1803,1795
"2022-03-25","闵行区",1,3,0,195,7,4,202,206,206,40,12,8,60,1717,232,1949,2009,2001
"2022-03-26","闵行区",14,1,0,885,72,15,957,972,972,54,13,8,75,2602,304,2906,2981,2973
"2022-03-27","闵行区",15,5,0,559,40,20,599,619,619,69,18,8,95,3161,344,3505,3600,3592
"2022-03-28","闵行区",0,2,7,335,26,9,361,370,363,69,20,15,104,3496,370,3866,3970,3955
"2022-03-29","闵行区",4,20,5,914,45,29,959,988,983,73,40,20,133,4410,415,4825,4958,4938
"2022-03-30","闵行区",1,18,0,680,81,19,761,780,780,74,58,20,152,5090,496,5586,5738,5718
"2022-03-31","闵行区",0,52,7,273,60,59,333,392,385,74,110,27,211,5363,556,5919,6130,6103
"2022-04-01","闵行区",0,57,0,833,153,57,986,1043,1043,74,167,27,268,6196,709,6905,7173,7146
"2022-04-02","闵行区",0,39,16,692,82,55,774,829,813,74,206,43,323,6888,791,7679,8002,7959
"2022-04-03","闵行区",0,46,22,812,60,68,872,940,918,74,252,65,391,7700,851,8551,8942,8877
"2022-04-04","闵行区",1,8,2,1339,31,11,1370,1381,1379,75,260,67,402,9039,882,9921,10323,10256
"2022-04-05","闵行区",0,14,9,2863,51,23,2914,2937,2928,75,274,76,425,11902,933,12835,13260,13184
"2022-04-06","闵行区",0,20,1,2354,34,21,2388,2409,2408,75,294,77,446,14256,967,15223,15669,15592
"2022-04-07","闵行区",1,60,34,2131,31,95,2162,2257,2223,76,354,111,541,16387,998,17385,17926,17815
"2022-04-08","闵行区",0,23,39,2753,39,62,2792,2854,2815,76,377,150,603,19140,1037,20177,20780,20630
"2022-04-09","闵行区",37,31,20,4490,46,88,4536,4624,4604,113,408,170,691,23630,1083,24713,25404,25234
"2022-04-10","闵行区",46,46,10,3047,40,102,3087,3189,3179,159,454,180,793,26677,1123,27800,28593,28413
"2022-04-11","闵行区",12,37,19,2911,28,68,2939,3007,2988,171,491,199,861,29588,1151,30739,31600,31401
"2022-04-12","闵行区",257,20,3,3947,18,280,3965,4245,4242,428,511,202,1141,33535,1169,34704,35845,35643
"2022-04-13","闵行区",295,34,43,2554,13,372,2567,2939,2896,723,545,245,1513,36089,1182,37271,38784,38539
"2022-04-14","闵行区",259,14,1,2095,9,274,2104,2378,2377,982,559,246,1787,38184,1191,39375,41162,40916
"2022-04-15","闵行区",71,32,198,1727,9,301,1736,2037,1839,1053,591,444,2088,39911,1200,41111,43199,42755
"2022-04-16","闵行区",225,16,649,2167,3,890,2170,3060,2411,1278,607,1093,2978,42078,1203,43281,46259,45166
"2022-04-17","闵行区",65,3,38,2275,21,106,2296,2402,2364,1343,610,1131,3084,44353,1224,45577,48661,47530
"2022-04-18","闵行区",141,6,165,1050,10,312,1060,1372,1207,1484,616,1296,3396,45403,1234,46637,50033,48737
"2022-04-19","闵行区",270,8,111,1212,1,389,1213,1602,1491,1754,624,1407,3785,46615,1235,47850,51635,50228
"2022-04-20","闵行区",239,26,26,1388,7,291,1395,1686,1660,1993,650,1433,4076,48003,1242,49245,53321,51888
"2022-04-21","闵行区",135,18,0,2383,27,153,2410,2563,2563,2128,668,1433,4229,50386,1269,51655,55884,54451
"2022-04-22","闵行区",104,12,92,1080,17,208,1097,1305,1213,2232,680,1525,4437,51466,1286,52752,57189,55664
"2022-04-23","闵行区",72,6,30,749,20,108,769,877,847,2304,686,1555,4545,52215,1306,53521,58066,56511
"2022-04-24","闵行区",83,17,43,1070,16,143,1086,1229,1186,2387,703,1598,4688,53285,1322,54607,59295,57697
"2022-04-25","闵行区",27,1,33,650,6,61,656,717,684,2414,704,1631,4749,53935,1328,55263,60012,58381
"2022-04-26","闵行区",48,0,23,677,1,71,678,749,726,2462,704,1654,4820,54612,1329,55941,60761,59107
"2022-04-27","闵行区",17,0,34,268,2,51,270,321,287,2479,704,1688,4871,54880,1331,56211,61082,59394
"2022-04-28","闵行区",21,0,49,351,1,70,352,422,373,2500,704,1737,4941,55231,1332,56563,61504,59767
"2022-04-29","闵行区",8,0,136,372,0,144,372,516,380,2508,704,1873,5085,55603,1332,56935,62020,60147
"2022-04-30","闵行区",3,0,50,378,0,53,378,431,381,2511,704,1923,5138,55981,1332,57313,62451,60528
"2022-05-01","闵行区",5,0,24,357,0,29,357,386,362,2516,704,1947,5167,56338,1332,57670,62837,60890
"2022-05-02","闵行区",7,0,21,259,0,28,259,287,266,2523,704,1968,5195,56597,1332,57929,63124,61156
"2022-05-03","闵行区",3,0,12,237,0,15,237,252,240,2526,704,1980,5210,56834,1332,58166,63376,61396
"2022-05-04","闵行区",3,0,22,260,0,25,260,285,263,2529,704,2002,5235,57094,1332,58426,63661,61659
"2022-05-05","闵行区",2,0,7,226,0,9,226,235,228,2531,704,2009,5244,57320,1332,58652,63896,61887
"2022-05-06","闵行区",10,0,18,281,0,28,281,309,291,2541,704,2027,5272,57601,1332,58933,64205,62178
"2022-05-07","闵行区",7,0,6,213,1,13,214,227,221,2548,704,2033,5285,57814,1333,59147,64432,62399
"2022-05-08","闵行区",4,0,5,216,0,9,216,225,220,2552,704,2038,5294,58030,1333,59363,64657,62619
"2022-05-09","闵行区",4,0,9,315,0,13,315,328,319,2556,704,2047,5307,58345,1333,59678,64985,62938
"2022-05-10","闵行区",0,0,7,72,0,7,72,79,72,2556,704,2054,5314,58417,1333,59750,65064,63010
"2022-05-11","闵行区",0,0,3,88,0,3,88,91,88,2556,704,2057,5317,58505,1333,59838,65155,63098
"2022-05-12","闵行区",1,0,14,128,0,15,128,143,129,2557,704,2071,5332,58633,1333,59966,65298,63227
"2022-05-13","闵行区",4,0,8,117,0,12,117,129,121,2561,704,2079,5344,58750,1333,60083,65427,63348
"2022-05-14","闵行区",2,0,4,75,0,6,75,81,77,2563,704,2083,5350,58825,1333,60158,65508,63425
"2022-05-15","闵行区",0,0,0,35,0,0,35,35,35,2563,704,2083,5350,58860,1333,60193,65543,63460
"2022-05-16","闵行区",1,0,8,39,0,9,39,48,40,2564,704,2091,5359,58899,1333,60232,65591,63500
"2022-05-17","闵行区",1,0,1,57,0,2,57,59,58,2565,704,2092,5361,58956,1333,60289,65650,63558
"2022-05-18","闵行区",0,0,0,52,0,0,52,52,52,2565,704,2092,5361,59008,1333,60341,65702,63610
"2022-05-19","闵行区",0,0,1,32,0,1,32,33,32,2565,704,2093,5362,59040,1333,60373,65735,63642
"2022-05-20","闵行区",0,0,1,35,0,1,35,36,35,2565,704,2094,5363,59075,1333,60408,65771,63677
"2022-05-21","闵行区",1,0,0,11,0,1,11,12,12,2566,704,2094,5364,59086,1333,60419,65783,63689
"2022-05-22","闵行区",0,0,2,13,0,2,13,15,13,2566,704,2096,5366,59099,1333,60432,65798,63702
"2022-05-23","闵行区",0,0,1,13,0,1,13,14,13,2566,704,2097,5367,59112,1333,60445,65812,63715
"2022-05-24","闵行区",0,0,2,22,0,2,22,24,22,2566,704,2099,5369,59134,1333,60467,65836,63737
"2022-05-25","闵行区",0,0,0,21,0,0,21,21,21,2566,704,2099,5369,59155,1333,60488,65857,63758
"2022-05-26","闵行区",2,0,2,11,0,4,11,15,13,2568,704,2101,5373,59166,1333,60499,65872,63771
"2022-05-27","闵行区",1,0,0,5,0,1,5,6,6,2569,704,2101,5374,59171,1333,60504,65878,63777
"2022-05-28","闵行区",0,0,2,6,0,2,6,8,6,2569,704,2103,5376,59177,1333,60510,65886,63783
"2022-05-29","闵行区",0,1,0,3,0,1,3,4,4,2569,705,2103,5377,59180,1333,60513,65890,63787
"2022-05-30","闵行区",1,0,0,3,0,1,3,4,4,2570,705,2103,5378,59183,1333,60516,65894,63791
"2022-05-31","闵行区",0,0,0,0,0,0,0,0,0,2570,705,2103,5378,59183,1333,60516,65894,63791
"2022-06-01","闵行区",0,0,0,0,0,0,0,0,0,2570,705,2103,5378,59183,1333,60516,65894,63791
"2022-06-02","闵行区",0,0,0,0,0,0,0,0,0,2570,705,2103,5378,59183,1333,60516,65894,63791
"2022-06-03","闵行区",0,0,0,0,0,0,0,0,0,2570,705,2103,5378,59183,1333,60516,65894,63791
"2022-06-04","闵行区",1,0,0,1,0,1,1,2,2,2571,705,2103,5379,59184,1333,60517,65896,63793
"2022-06-05","闵行区",0,0,0,2,0,0,2,2,2,2571,705,2103,5379,59186,1333,60519,65898,63795
"2022-06-06","闵行区",0,0,0,2,0,0,2,2,2,2571,705,2103,5379,59188,1333,60521,65900,63797
"2022-06-07","闵行区",0,0,0,0,0,0,0,0,0,2571,705,2103,5379,59188,1333,60521,65900,63797
"2022-06-08","闵行区",0,0,0,0,0,0,0,0,0,2571,705,2103,5379,59188,1333,60521,65900,63797
"2022-06-09","闵行区",0,4,0,0,0,4,0,4,4,2571,709,2103,5383,59188,1333,60521,65904,63801
"2022-06-10","闵行区",2,0,0,1,0,2,1,3,3,2573,709,2103,5385,59189,1333,60522,65907,63804
"2022-06-11","闵行区",0,1,0,2,0,1,2,3,3,2573,710,2103,5386,59191,1333,60524,65910,63807
"2022-06-12","闵行区",3,0,0,3,0,3,3,6,6,2576,710,2103,5389,59194,1333,60527,65916,63813
"2022-06-13","闵行区",0,0,0,0,0,0,0,0,0,2576,710,2103,5389,59194,1333,60527,65916,63813
"2022-06-14","闵行区",0,0,0,0,0,0,0,0,0,2576,710,2103,5389,59194,1333,60527,65916,63813
"2022-06-15","闵行区",0,0,0,0,0,0,0,0,0,2576,710,2103,5389,59194,1333,60527,65916,63813
"2022-06-16","闵行区",0,0,0,0,0,0,0,0,0,2576,710,2103,5389,59194,1333,60527,65916,63813
"2022-06-17","闵行区",0,0,0,0,0,0,0,0,0,2576,710,2103,5389,59194,1333,60527,65916,63813
"2022-06-18","闵行区",0,0,0,0,0,0,0,0,0,2576,710,2103,5389,59194,1333,60527,65916,63813
"2022-06-19","闵行区",0,0,0,0,0,0,0,0,0,2576,710,2103,5389,59194,1333,60527,65916,63813
"2022-06-20","闵行区",5,0,0,1,1,5,2,7,7,2581,710,2103,5394,59195,1334,60529,65923,63820
"2022-06-21","闵行区",2,0,0,2,0,2,2,4,4,2583,710,2103,5396,59197,1334,60531,65927,63824
"2022-06-22","闵行区",7,0,0,0,0,7,0,7,7,2590,710,2103,5403,59197,1334,60531,65934,63831
"2022-06-23","闵行区",1,0,0,0,0,1,0,1,1,2591,710,2103,5404,59197,1334,60531,65935,63832
"2022-06-24","闵行区",0,0,0,0,0,0,0,0,0,2591,710,2103,5404,59197,1334,60531,65935,63832
"2022-06-25","闵行区",0,0,0,0,0,0,0,0,0,2591,710,2103,5404,59197,1334,60531,65935,63832
"2022-06-26","闵行区",0,0,0,0,0,0,0,0,0,2591,710,2103,5404,59197,1334,60531,65935,63832
"2022-06-27","闵行区",0,0,0,0,0,0,0,0,0,2591,710,2103,5404,59197,1334,60531,65935,63832
"2022-06-28","闵行区",0,0,0,0,0,0,0,0,0,2591,710,2103,5404,59197,1334,60531,65935,63832
"2022-06-29","闵行区",0,0,0,0,0,0,0,0,0,2591,710,2103,5404,59197,1334,60531,65935,63832
"2022-06-30","闵行区",0,0,0,0,0,0,0,0,0,2591,710,2103,5404,59197,1334,60531,65935,63832
"2022-07-01","闵行区",0,0,0,0,0,0,0,0,0,2591,710,2103,5404,59197,1334,60531,65935,63832
"2022-07-02","闵行区",0,0,0,0,0,0,0,0,0,2591,710,2103,5404,59197,1334,60531,65935,63832
"2022-07-03","闵行区",0,0,0,0,0,0,0,0,0,2591,710,2103,5404,59197,1334,60531,65935,63832
"2022-07-04","闵行区",0,0,0,0,0,0,0,0,0,2591,710,2103,5404,59197,1334,60531,65935,63832
"2022-07-05","闵行区",1,0,0,1,0,1,1,2,2,2592,710,2103,5405,59198,1334,60532,65937,63834
"2022-07-06","闵行区",2,0,0,1,0,2,1,3,3,2594,710,2103,5407,59199,1334,60533,65940,63837
"2022-07-07","闵行区",4,0,0,1,0,4,1,5,5,2598,710,2103,5411,59200,1334,60534,65945,63842
"2022-07-08","闵行区",2,0,0,7,0,2,7,9,9,2600,710,2103,5413,59207,1334,60541,65954,63851
"2022-07-09","闵行区",1,0,0,7,0,1,7,8,8,2601,710,2103,5414,59214,1334,60548,65962,63859
"2022-07-10","闵行区",1,0,0,5,0,1,5,6,6,2602,710,2103,5415,59219,1334,60553,65968,63865
"2022-03-09","浦东新区",0,1,0,7,1,1,8,9,9,0,1,0,1,7,1,8,9,9
"2022-03-10","浦东新区",2,3,0,5,1,5,6,11,11,2,4,0,6,12,2,14,20,20
"2022-03-11","浦东新区",0,0,0,9,1,0,10,10,10,2,4,0,6,21,3,24,30,30
"2022-03-12","浦东新区",0,0,0,32,2,0,34,34,34,2,4,0,6,53,5,58,64,64
"2022-03-13","浦东新区",0,4,1,22,12,5,34,39,38,2,8,1,11,75,17,92,103,102
"2022-03-14","浦东新区",0,1,0,13,9,1,22,23,23,2,9,1,12,88,26,114,126,125
"2022-03-15","浦东新区",1,1,0,31,9,2,40,42,42,3,10,1,14,119,35,154,168,167
"2022-03-16","浦东新区",0,0,0,23,21,0,44,44,44,3,10,1,14,142,56,198,212,211
"2022-03-17","浦东新区",0,24,0,5,6,24,11,35,35,3,34,1,38,147,62,209,247,246
"2022-03-18","浦东新区",0,2,0,36,29,2,65,67,67,3,36,1,40,183,91,274,314,313
"2022-03-19","浦东新区",6,2,0,45,82,8,127,135,135,9,38,1,48,228,173,401,449,448
"2022-03-20","浦东新区",1,0,0,189,30,1,219,220,220,10,38,1,49,417,203,620,669,668
"2022-03-21","浦东新区",6,0,0,122,41,6,163,169,169,16,38,1,55,539,244,783,838,837
"2022-03-22","浦东新区",0,0,0,200,37,0,237,237,237,16,38,1,55,739,281,1020,1075,1074
"2022-03-23","浦东新区",0,0,0,185,33,0,218,218,218,16,38,1,55,924,314,1238,1293,1292
"2022-03-24","浦东新区",11,1,0,172,9,12,181,193,193,27,39,1,67,1096,323,1419,1486,1485
"2022-03-25","浦东新区",2,29,0,1453,430,31,1883,1914,1914,29,68,1,98,2549,753,3302,3400,3399
"2022-03-26","浦东新区",0,1,0,267,55,1,322,323,323,29,69,1,99,2816,808,3624,3723,3722
"2022-03-27","浦东新区",2,2,0,1003,422,4,1425,1429,1429,31,71,1,103,3819,1230,5049,5152,5151
"2022-03-28","浦东新区",6,33,0,2100,367,39,2467,2506,2506,37,104,1,142,5919,1597,7516,7658,7657
"2022-03-29","浦东新区",4,162,3,1822,192,169,2014,2183,2180,41,266,4,311,7741,1789,9530,9841,9837
"2022-03-30","浦东新区",2,246,1,1660,298,249,1958,2207,2206,43,512,5,560,9401,2087,11488,12048,12043
"2022-03-31","浦东新区",5,173,2,2080,147,180,2227,2407,2405,48,685,7,740,11481,2234,13715,14455,14448
"2022-04-01","浦东新区",2,77,0,2426,79,79,2505,2584,2584,50,762,7,819,13907,2313,16220,17039,17032
"2022-04-02","浦东新区",4,95,9,1825,105,108,1930,2038,2029,54,857,16,927,15732,2418,18150,19077,19061
"2022-04-03","浦东新区",3,126,11,3308,206,140,3514,3654,3643,57,983,27,1067,19040,2624,21664,22731,22704
"2022-04-04","浦东新区",6,197,2,6518,348,205,6866,7071,7069,63,1180,29,1272,25558,2972,28530,29802,29773
"2022-04-05","浦东新区",1,155,6,7752,231,162,7983,8145,8139,64,1335,35,1434,33310,3203,36513,37947,37912
"2022-04-06","浦东新区",4,139,8,7955,351,151,8306,8457,8449,68,1474,43,1585,41265,3554,44819,46404,46361
"2022-04-07","浦东新区",1,251,55,8319,424,307,8743,9050,8995,69,1725,98,1892,49584,3978,53562,55454,55356
"2022-04-08","浦东新区",133,172,43,6622,316,348,6938,7286,7243,202,1897,141,2240,56206,4294,60500,62740,62599
"2022-04-09","浦东新区",92,380,45,10312,301,517,10613,11130,11085,294,2277,186,2757,66518,4595,71113,73870,73684
"2022-04-10","浦东新区",82,127,3,6169,351,212,6520,6732,6729,376,2404,189,2969,72687,4946,77633,80602,80413
"2022-04-11","浦东新区",286,144,63,7537,276,493,7813,8306,8243,662,2548,252,3462,80224,5222,85446,88908,88656
"2022-04-12","浦东新区",86,104,2,10539,318,192,10857,11049,11047,748,2652,254,3654,90763,5540,96303,99957,99703
"2022-04-13","浦东新区",1024,114,1,13448,440,1139,13888,15027,15026,1772,2766,255,4793,104211,5980,110191,114984,114729
"2022-04-14","浦东新区",1015,159,78,10193,211,1252,10404,11656,11578,2787,2925,333,6045,114404,6191,120595,126640,126307
"2022-04-15","浦东新区",924,200,18,8811,329,1142,9140,10282,10264,3711,3125,351,7187,123215,6520,129735,136922,136571
"2022-04-16","浦东新区",390,136,476,9499,290,1002,9789,10791,10315,4101,3261,827,8189,132714,6810,139524,147713,146886
"2022-04-17","浦东新区",459,40,22,7029,190,521,7219,7740,7718,4560,3301,849,8710,139743,7000,146743,155453,154604
"2022-04-18","浦东新区",633,54,388,7582,174,1075,7756,8831,8443,5193,3355,1237,9785,147325,7174,154499,164284,163047
"2022-04-19","浦东新区",464,61,195,4841,85,720,4926,5646,5451,5657,3416,1432,10505,152166,7259,159425,169930,168498
"2022-04-20","浦东新区",575,26,155,3605,104,756,3709,4465,4310,6232,3442,1587,11261,155771,7363,163134,174395,172808
"2022-04-21","浦东新区",378,17,14,4226,20,409,4246,4655,4641,6610,3459,1601,11670,159997,7383,167380,179050,177449
"2022-04-22","浦东新区",519,3,182,7229,28,704,7257,7961,7779,7129,3462,1783,12374,167226,7411,174637,187011,185228
"2022-04-23","浦东新区",202,3,336,7026,59,541,7085,7626,7290,7331,3465,2119,12915,174252,7470,181722,194637,192518
"2022-04-24","浦东新区",510,21,343,5255,52,874,5307,6181,5838,7841,3486,2462,13789,179507,7522,187029,200818,198356
"2022-04-25","浦东新区",26,0,266,3571,49,292,3620,3912,3646,7867,3486,2728,14081,183078,7571,190649,204730,202002
"2022-04-26","浦东新区",78,5,123,2436,103,206,2539,2745,2622,7945,3491,2851,14287,185514,7674,193188,207475,204624
"2022-04-27","浦东新区",112,0,422,2362,97,534,2459,2993,2571,8057,3491,3273,14821,187876,7771,195647,210468,207195
"2022-04-28","浦东新区",95,5,1356,1950,66,1456,2016,3472,2116,8152,3496,4629,16277,189826,7837,197663,213940,209311
"2022-04-29","浦东新区",42,0,89,1897,0,131,1897,2028,1939,8194,3496,4718,16408,191723,7837,199560,215968,211250
"2022-04-30","浦东新区",15,0,22,1588,0,37,1588,1625,1603,8209,3496,4740,16445,193311,7837,201148,217593,212853
"2022-05-01","浦东新区",18,0,114,1510,10,132,1520,1652,1538,8227,3496,4854,16577,194821,7847,202668,219245,214391
"2022-05-02","浦东新区",24,0,14,1122,2,38,1124,1162,1148,8251,3496,4868,16615,195943,7849,203792,220407,215539
"2022-05-03","浦东新区",33,0,16,833,1,49,834,883,867,8284,3496,4884,16664,196776,7850,204626,221290,216406
"2022-05-04","浦东新区",23,0,27,837,2,50,839,889,862,8307,3496,4911,16714,197613,7852,205465,222179,217268
"2022-05-05","浦东新区",17,0,11,645,4,28,649,677,666,8324,3496,4922,16742,198258,7856,206114,222856,217934
"2022-05-06","浦东新区",19,0,14,544,7,33,551,584,570,8343,3496,4936,16775,198802,7863,206665,223440,218504
"2022-05-07","浦东新区",22,0,6,641,6,28,647,675,669,8365,3496,4942,16803,199443,7869,207312,224115,219173
"2022-05-08","浦东新区",19,0,15,656,2,34,658,692,677,8384,3496,4957,16837,200099,7871,207970,224807,219850
"2022-05-09","浦东新区",14,0,6,567,1,20,568,588,582,8398,3496,4963,16857,200666,7872,208538,225395,220432
"2022-05-10","浦东新区",3,0,13,247,0,16,247,263,250,8401,3496,4976,16873,200913,7872,208785,225658,220682
"2022-05-11","浦东新区",9,0,1,240,0,10,240,250,249,8410,3496,4977,16883,201153,7872,209025,225908,220931
"2022-05-12","浦东新区",10,0,7,259,4,17,263,280,273,8420,3496,4984,16900,201412,7876,209288,226188,221204
"2022-05-13","浦东新区",7,0,8,172,0,15,172,187,179,8427,3496,4992,16915,201584,7876,209460,226375,221383
"2022-05-14","浦东新区",11,0,2,137,0,13,137,150,148,8438,3496,4994,16928,201721,7876,209597,226525,221531
"2022-05-15","浦东新区",0,0,3,95,0,3,95,98,95,8438,3496,4997,16931,201816,7876,209692,226623,221626
"2022-05-16","浦东新区",2,0,1,86,0,3,86,89,88,8440,3496,4998,16934,201902,7876,209778,226712,221714
"2022-05-17","浦东新区",8,0,3,72,0,11,72,83,80,8448,3496,5001,16945,201974,7876,209850,226795,221794
"2022-05-18","浦东新区",13,0,0,62,0,13,62,75,75,8461,3496,5001,16958,202036,7876,209912,226870,221869
"2022-05-19","浦东新区",10,0,3,69,0,13,69,82,79,8471,3496,5004,16971,202105,7876,209981,226952,221948
"2022-05-20","浦东新区",11,0,1,66,0,12,66,78,77,8482,3496,5005,16983,202171,7876,210047,227030,222025
"2022-05-21","浦东新区",9,0,1,65,0,10,65,75,74,8491,3496,5006,16993,202236,7876,210112,227105,222099
"2022-05-22","浦东新区",9,0,1,49,0,10,49,59,58,8500,3496,5007,17003,202285,7876,210161,227164,222157
"2022-05-23","浦东新区",5,0,2,53,0,7,53,60,58,8505,3496,5009,17010,202338,7876,210214,227224,222215
"2022-05-24","浦东新区",4,0,0,43,0,4,43,47,47,8509,3496,5009,17014,202381,7876,210257,227271,222262
"2022-05-25","浦东新区",7,0,0,37,0,7,37,44,44,8516,3496,5009,17021,202418,7876,210294,227315,222306
"2022-05-26","浦东新区",0,0,0,35,0,0,35,35,35,8516,3496,5009,17021,202453,7876,210329,227350,222341
"2022-05-27","浦东新区",0,0,0,28,0,0,28,28,28,8516,3496,5009,17021,202481,7876,210357,227378,222369
"2022-05-28","浦东新区",0,1,0,17,0,1,17,18,18,8516,3497,5009,17022,202498,7876,210374,227396,222387
"2022-05-29","浦东新区",0,0,0,12,0,0,12,12,12,8516,3497,5009,17022,202510,7876,210386,227408,222399
"2022-05-30","浦东新区",5,0,0,1,0,5,1,6,6,8521,3497,5009,17027,202511,7876,210387,227414,222405
"2022-05-31","浦东新区",2,0,0,2,0,2,2,4,4,8523,3497,5009,17029,202513,7876,210389,227418,222409
"2022-06-01","浦东新区",1,0,0,1,0,1,1,2,2,8524,3497,5009,17030,202514,7876,210390,227420,222411
"2022-06-02","浦东新区",1,1,0,0,3,2,3,5,5,8525,3498,5009,17032,202514,7879,210393,227425,222416
"2022-06-03","浦东新区",1,0,0,0,0,1,0,1,1,8526,3498,5009,17033,202514,7879,210393,227426,222417
"2022-06-04","浦东新区",1,0,0,0,0,1,0,1,1,8527,3498,5009,17034,202514,7879,210393,227427,222418
"2022-06-05","浦东新区",2,0,0,0,0,2,0,2,2,8529,3498,5009,17036,202514,7879,210393,227429,222420
"2022-06-06","浦东新区",0,0,0,0,0,0,0,0,0,8529,3498,5009,17036,202514,7879,210393,227429,222420
"2022-06-07","浦东新区",1,0,0,2,1,1,3,4,4,8530,3498,5009,17037,202516,7880,210396,227433,222424
"2022-06-08","浦东新区",2,0,0,0,0,2,0,2,2,8532,3498,5009,17039,202516,7880,210396,227435,222426
"2022-06-09","浦东新区",0,0,0,0,0,0,0,0,0,8532,3498,5009,17039,202516,7880,210396,227435,222426
"2022-06-10","浦东新区",0,0,0,0,0,0,0,0,0,8532,3498,5009,17039,202516,7880,210396,227435,222426
"2022-06-11","浦东新区",1,1,0,0,0,2,0,2,2,8533,3499,5009,17041,202516,7880,210396,227437,222428
"2022-06-12","浦东新区",1,0,0,1,0,1,1,2,2,8534,3499,5009,17042,202517,7880,210397,227439,222430
"2022-06-13","浦东新区",1,0,0,1,0,1,1,2,2,8535,3499,5009,17043,202518,7880,210398,227441,222432
"2022-06-14","浦东新区",0,0,0,0,0,0,0,0,0,8535,3499,5009,17043,202518,7880,210398,227441,222432
"2022-06-15","浦东新区",3,0,0,0,0,3,0,3,3,8538,3499,5009,17046,202518,7880,210398,227444,222435
"2022-06-16","浦东新区",0,0,0,0,0,0,0,0,0,8538,3499,5009,17046,202518,7880,210398,227444,222435
"2022-06-17","浦东新区",0,0,0,0,0,0,0,0,0,8538,3499,5009,17046,202518,7880,210398,227444,222435
"2022-06-18","浦东新区",0,0,0,0,0,0,0,0,0,8538,3499,5009,17046,202518,7880,210398,227444,222435
"2022-06-19","浦东新区",0,0,0,0,0,0,0,0,0,8538,3499,5009,17046,202518,7880,210398,227444,222435
"2022-06-20","浦东新区",0,0,0,0,0,0,0,0,0,8538,3499,5009,17046,202518,7880,210398,227444,222435
"2022-06-21","浦东新区",0,0,0,0,0,0,0,0,0,8538,3499,5009,17046,202518,7880,210398,227444,222435
"2022-06-22","浦东新区",0,0,0,0,0,0,0,0,0,8538,3499,5009,17046,202518,7880,210398,227444,222435
"2022-06-23","浦东新区",0,0,0,0,0,0,0,0,0,8538,3499,5009,17046,202518,7880,210398,227444,222435
"2022-06-24","浦东新区",0,0,0,0,0,0,0,0,0,8538,3499,5009,17046,202518,7880,210398,227444,222435
"2022-06-25","浦东新区",0,0,0,0,0,0,0,0,0,8538,3499,5009,17046,202518,7880,210398,227444,222435
"2022-06-26","浦东新区",0,0,0,0,0,0,0,0,0,8538,3499,5009,17046,202518,7880,210398,227444,222435
"2022-06-27","浦东新区",0,0,0,0,0,0,0,0,0,8538,3499,5009,17046,202518,7880,210398,227444,222435
"2022-06-28","浦东新区",0,0,0,0,0,0,0,0,0,8538,3499,5009,17046,202518,7880,210398,227444,222435
"2022-06-29","浦东新区",0,0,0,0,0,0,0,0,0,8538,3499,5009,17046,202518,7880,210398,227444,222435
"2022-06-30","浦东新区",0,0,0,0,0,0,0,0,0,8538,3499,5009,17046,202518,7880,210398,227444,222435
"2022-07-01","浦东新区",0,0,0,0,0,0,0,0,0,8538,3499,5009,17046,202518,7880,210398,227444,222435
"2022-07-02","浦东新区",2,0,0,0,0,2,0,2,2,8540,3499,5009,17048,202518,7880,210398,227446,222437
"2022-07-03","浦东新区",2,0,0,0,0,2,0,2,2,8542,3499,5009,17050,202518,7880,210398,227448,222439
"2022-07-04","浦东新区",0,1,0,0,0,1,0,1,1,8542,3500,5009,17051,202518,7880,210398,227449,222440
"2022-07-05","浦东新区",1,0,0,2,0,1,2,3,3,8543,3500,5009,17052,202520,7880,210400,227452,222443
"2022-07-06","浦东新区",4,0,0,1,0,4,1,5,5,8547,3500,5009,17056,202521,7880,210401,227457,222448
"2022-07-07","浦东新区",2,0,0,5,0,2,5,7,7,8549,3500,5009,17058,202526,7880,210406,227464,222455
"2022-07-08","浦东新区",5,1,0,9,0,6,9,15,15,8554,3501,5009,17064,202535,7880,210415,227479,222470
"2022-07-09","浦东新区",2,0,0,6,0,2,6,8,8,8556,3501,5009,17066,202541,7880,210421,227487,222478
"2022-07-10","浦东新区",2,0,0,13,0,2,13,15,15,8558,3501,5009,17068,202554,7880,210434,227502,222493
"2022-03-09","普陀区",0,0,0,0,1,0,1,1,1,0,0,0,0,0,1,1,1,1
"2022-03-10","普陀区",0,0,0,4,0,0,4,4,4,0,0,0,0,4,1,5,5,5
"2022-03-11","普陀区",0,0,0,0,0,0,0,0,0,0,0,0,0,4,1,5,5,5
"2022-03-12","普陀区",0,0,0,0,0,0,0,0,0,0,0,0,0,4,1,5,5,5
"2022-03-13","普陀区",0,1,0,2,3,1,5,6,6,0,1,0,1,6,4,10,11,11
"2022-03-14","普陀区",0,0,0,0,0,0,0,0,0,0,1,0,1,6,4,10,11,11
"2022-03-15","普陀区",0,0,0,5,4,0,9,9,9,0,1,0,1,11,8,19,20,20
"2022-03-16","普陀区",0,0,0,2,1,0,3,3,3,0,1,0,1,13,9,22,23,23
"2022-03-17","普陀区",0,1,0,3,3,1,6,7,7,0,2,0,2,16,12,28,30,30
"2022-03-18","普陀区",0,0,0,14,9,0,23,23,23,0,2,0,2,30,21,51,53,53
"2022-03-19","普陀区",0,0,0,17,8,0,25,25,25,0,2,0,2,47,29,76,78,78
"2022-03-20","普陀区",0,0,0,17,1,0,18,18,18,0,2,0,2,64,30,94,96,96
"2022-03-21","普陀区",1,0,0,23,7,1,30,31,31,1,2,0,3,87,37,124,127,127
"2022-03-22","普陀区",0,0,0,17,4,0,21,21,21,1,2,0,3,104,41,145,148,148
"2022-03-23","普陀区",0,0,0,30,4,0,34,34,34,1,2,0,3,134,45,179,182,182
"2022-03-24","普陀区",0,2,0,34,2,2,36,38,38,1,4,0,5,168,47,215,220,220
"2022-03-25","普陀区",0,1,0,6,2,1,8,9,9,1,5,0,6,174,49,223,229,229
"2022-03-26","普陀区",0,1,0,53,15,1,68,69,69,1,6,0,7,227,64,291,298,298
"2022-03-27","普陀区",0,4,0,49,17,4,66,70,70,1,10,0,11,276,81,357,368,368
"2022-03-28","普陀区",0,2,1,53,25,3,78,81,80,1,12,1,14,329,106,435,449,448
"2022-03-29","普陀区",0,5,1,99,8,6,107,113,112,1,17,2,20,428,114,542,562,560
"2022-03-30","普陀区",1,3,2,111,29,6,140,146,144,2,20,4,26,539,143,682,708,704
"2022-03-31","普陀区",0,4,2,5,4,6,9,15,13,2,24,6,32,544,147,691,723,717
"2022-04-01","普陀区",2,11,0,198,34,13,232,245,245,4,35,6,45,742,181,923,968,962
"2022-04-02","普陀区",0,35,4,290,59,39,349,388,384,4,70,10,84,1032,240,1272,1356,1346
"2022-04-03","普陀区",0,21,0,243,57,21,300,321,321,4,91,10,105,1275,297,1572,1677,1667
"2022-04-04","普陀区",1,3,0,240,10,4,250,254,254,5,94,10,109,1515,307,1822,1931,1921
"2022-04-05","普陀区",0,6,1,467,9,7,476,483,482,5,100,11,116,1982,316,2298,2414,2403
"2022-04-06","普陀区",1,26,0,990,16,27,1006,1033,1033,6,126,11,143,2972,332,3304,3447,3436
"2022-04-07","普陀区",0,6,5,925,21,11,946,957,952,6,132,16,154,3897,353,4250,4404,4388
"2022-04-08","普陀区",1,8,12,1026,47,21,1073,1094,1082,7,140,28,175,4923,400,5323,5498,5470
"2022-04-09","普陀区",0,20,4,614,15,24,629,653,649,7,160,32,199,5537,415,5952,6151,6119
"2022-04-10","普陀区",0,6,1,942,52,7,994,1001,1000,7,166,33,206,6479,467,6946,7152,7119
"2022-04-11","普陀区",0,16,21,1815,26,37,1841,1878,1857,7,182,54,243,8294,493,8787,9030,8976
"2022-04-12","普陀区",30,19,1,1057,63,50,1120,1170,1169,37,201,55,293,9351,556,9907,10200,10145
"2022-04-13","普陀区",32,11,2,401,29,45,430,475,473,69,212,57,338,9752,585,10337,10675,10618
"2022-04-14","普陀区",27,18,0,208,11,45,219,264,264,96,230,57,383,9960,596,10556,10939,10882
"2022-04-15","普陀区",44,21,1,341,19,66,360,426,425,140,251,58,449,10301,615,10916,11365,11307
"2022-04-16","普陀区",123,21,1,1163,23,145,1186,1331,1330,263,272,59,594,11464,638,12102,12696,12637
"2022-04-17","普陀区",69,15,246,878,17,330,895,1225,979,332,287,305,924,12342,655,12997,13921,13616
"2022-04-18","普陀区",13,7,1,349,1,21,350,371,370,345,294,306,945,12691,656,13347,14292,13986
"2022-04-19","普陀区",77,7,16,423,5,100,428,528,512,422,301,322,1045,13114,661,13775,14820,14498
"2022-04-20","普陀区",27,11,11,485,21,49,506,555,544,449,312,333,1094,13599,682,14281,15375,15042
"2022-04-21","普陀区",86,6,2,389,6,94,395,489,487,535,318,335,1188,13988,688,14676,15864,15529
"2022-04-22","普陀区",36,4,31,450,2,71,452,523,492,571,322,366,1259,14438,690,15128,16387,16021
"2022-04-23","普陀区",29,1,9,439,0,39,439,478,469,600,323,375,1298,14877,690,15567,16865,16490
"2022-04-24","普陀区",38,0,5,431,3,43,434,477,472,638,323,380,1341,15308,693,16001,17342,16962
"2022-04-25","普陀区",38,0,9,367,4,47,371,418,409,676,323,389,1388,15675,697,16372,17760,17371
"2022-04-26","普陀区",23,0,81,259,2,104,261,365,284,699,323,470,1492,15934,699,16633,18125,17655
"2022-04-27","普陀区",11,0,13,268,9,24,277,301,288,710,323,483,1516,16202,708,16910,18426,17943
"2022-04-28","普陀区",18,0,78,138,1,96,139,235,157,728,323,561,1612,16340,709,17049,18661,18100
"2022-04-29","普陀区",32,0,23,86,0,55,86,141,118,760,323,584,1667,16426,709,17135,18802,18218
"2022-04-30","普陀区",5,0,22,87,0,27,87,114,92,765,323,606,1694,16513,709,17222,18916,18310
"2022-05-01","普陀区",5,0,7,83,0,12,83,95,88,770,323,613,1706,16596,709,17305,19011,18398
"2022-05-02","普陀区",1,0,0,78,0,1,78,79,79,771,323,613,1707,16674,709,17383,19090,18477
"2022-05-03","普陀区",3,0,5,54,0,8,54,62,57,774,323,618,1715,16728,709,17437,19152,18534
"2022-05-04","普陀区",2,0,1,88,0,3,88,91,90,776,323,619,1718,16816,709,17525,19243,18624
"2022-05-05","普陀区",0,0,1,78,0,1,78,79,78,776,323,620,1719,16894,709,17603,19322,18702
"2022-05-06","普陀区",2,0,3,72,0,5,72,77,74,778,323,623,1724,16966,709,17675,19399,18776
"2022-05-07","普陀区",3,0,2,51,0,5,51,56,54,781,323,625,1729,17017,709,17726,19455,18830
"2022-05-08","普陀区",3,0,2,44,0,5,44,49,47,784,323,627,1734,17061,709,17770,19504,18877
"2022-05-09","普陀区",6,0,1,43,0,7,43,50,49,790,323,628,1741,17104,709,17813,19554,18926
"2022-05-10","普陀区",0,0,5,25,0,5,25,30,25,790,323,633,1746,17129,709,17838,19584,18951
"2022-05-11","普陀区",0,0,2,27,0,2,27,29,27,790,323,635,1748,17156,709,17865,19613,18978
"2022-05-12","普陀区",1,0,1,27,0,2,27,29,28,791,323,636,1750,17183,709,17892,19642,19006
"2022-05-13","普陀区",1,0,3,24,0,4,24,28,25,792,323,639,1754,17207,709,17916,19670,19031
"2022-05-14","普陀区",0,0,2,26,0,2,26,28,26,792,323,641,1756,17233,709,17942,19698,19057
"2022-05-15","普陀区",0,0,2,6,0,2,6,8,6,792,323,643,1758,17239,709,17948,19706,19063
"2022-05-16","普陀区",0,0,2,8,0,2,8,10,8,792,323,645,1760,17247,709,17956,19716,19071
"2022-05-17","普陀区",0,0,0,12,0,0,12,12,12,792,323,645,1760,17259,709,17968,19728,19083
"2022-05-18","普陀区",2,0,0,11,0,2,11,13,13,794,323,645,1762,17270,709,17979,19741,19096
"2022-05-19","普陀区",0,0,0,20,0,0,20,20,20,794,323,645,1762,17290,709,17999,19761,19116
"2022-05-20","普陀区",0,0,2,18,0,2,18,20,18,794,323,647,1764,17308,709,18017,19781,19134
"2022-05-21","普陀区",0,0,0,14,0,0,14,14,14,794,323,647,1764,17322,709,18031,19795,19148
"2022-05-22","普陀区",0,0,0,12,0,0,12,12,12,794,323,647,1764,17334,709,18043,19807,19160
"2022-05-23","普陀区",1,0,0,11,0,1,11,12,12,795,323,647,1765,17345,709,18054,19819,19172
"2022-05-24","普陀区",1,0,0,8,0,1,8,9,9,796,323,647,1766,17353,709,18062,19828,19181
"2022-05-25","普陀区",0,0,0,9,0,0,9,9,9,796,323,647,1766,17362,709,18071,19837,19190
"2022-05-26","普陀区",1,0,0,5,0,1,5,6,6,797,323,647,1767,17367,709,18076,19843,19196
"2022-05-27","普陀区",0,0,0,4,0,0,4,4,4,797,323,647,1767,17371,709,18080,19847,19200
"2022-05-28","普陀区",0,0,0,0,0,0,0,0,0,797,323,647,1767,17371,709,18080,19847,19200
"2022-05-29","普陀区",0,0,0,2,0,0,2,2,2,797,323,647,1767,17373,709,18082,19849,19202
"2022-05-30","普陀区",0,0,0,0,0,0,0,0,0,797,323,647,1767,17373,709,18082,19849,19202
"2022-05-31","普陀区",0,0,0,0,0,0,0,0,0,797,323,647,1767,17373,709,18082,19849,19202
"2022-06-01","普陀区",0,0,0,0,0,0,0,0,0,797,323,647,1767,17373,709,18082,19849,19202
"2022-06-02","普陀区",0,0,0,0,0,0,0,0,0,797,323,647,1767,17373,709,18082,19849,19202
"2022-06-03","普陀区",0,0,0,0,0,0,0,0,0,797,323,647,1767,17373,709,18082,19849,19202
"2022-06-04","普陀区",0,0,0,0,0,0,0,0,0,797,323,647,1767,17373,709,18082,19849,19202
"2022-06-05","普陀区",0,0,0,0,0,0,0,0,0,797,323,647,1767,17373,709,18082,19849,19202
"2022-06-06","普陀区",0,0,0,0,0,0,0,0,0,797,323,647,1767,17373,709,18082,19849,19202
"2022-06-07","普陀区",0,0,0,1,0,0,1,1,1,797,323,647,1767,17374,709,18083,19850,19203
"2022-06-08","普陀区",0,0,0,0,0,0,0,0,0,797,323,647,1767,17374,709,18083,19850,19203
"2022-06-09","普陀区",0,0,0,0,0,0,0,0,0,797,323,647,1767,17374,709,18083,19850,19203
"2022-06-10","普陀区",0,0,0,2,0,0,2,2,2,797,323,647,1767,17376,709,18085,19852,19205
"2022-06-11","普陀区",0,0,0,0,0,0,0,0,0,797,323,647,1767,17376,709,18085,19852,19205
"2022-06-12","普陀区",0,0,0,0,0,0,0,0,0,797,323,647,1767,17376,709,18085,19852,19205
"2022-06-13","普陀区",0,0,0,0,0,0,0,0,0,797,323,647,1767,17376,709,18085,19852,19205
"2022-06-14","普陀区",0,0,0,0,0,0,0,0,0,797,323,647,1767,17376,709,18085,19852,19205
"2022-06-15","普陀区",0,0,0,0,0,0,0,0,0,797,323,647,1767,17376,709,18085,19852,19205
"2022-06-16","普陀区",0,0,0,0,0,0,0,0,0,797,323,647,1767,17376,709,18085,19852,19205
"2022-06-17","普陀区",0,0,0,4,1,0,5,5,5,797,323,647,1767,17380,710,18090,19857,19210
"2022-06-18","普陀区",0,0,0,2,0,0,2,2,2,797,323,647,1767,17382,710,18092,19859,19212
"2022-06-19","普陀区",0,0,0,1,0,0,1,1,1,797,323,647,1767,17383,710,18093,19860,19213
"2022-06-20","普陀区",0,0,0,1,0,0,1,1,1,797,323,647,1767,17384,710,18094,19861,19214
"2022-06-21","普陀区",0,0,0,0,0,0,0,0,0,797,323,647,1767,17384,710,18094,19861,19214
"2022-06-22","普陀区",0,0,0,0,0,0,0,0,0,797,323,647,1767,17384,710,18094,19861,19214
"2022-06-23","普陀区",0,0,0,0,0,0,0,0,0,797,323,647,1767,17384,710,18094,19861,19214
"2022-06-24","普陀区",0,0,0,0,0,0,0,0,0,797,323,647,1767,17384,710,18094,19861,19214
"2022-06-25","普陀区",0,0,0,0,0,0,0,0,0,797,323,647,1767,17384,710,18094,19861,19214
"2022-06-26","普陀区",0,0,0,0,0,0,0,0,0,797,323,647,1767,17384,710,18094,19861,19214
"2022-06-27","普陀区",0,0,0,0,0,0,0,0,0,797,323,647,1767,17384,710,18094,19861,19214
"2022-06-28","普陀区",0,0,0,0,0,0,0,0,0,797,323,647,1767,17384,710,18094,19861,19214
"2022-06-29","普陀区",0,0,0,0,0,0,0,0,0,797,323,647,1767,17384,710,18094,19861,19214
"2022-06-30","普陀区",0,0,0,0,0,0,0,0,0,797,323,647,1767,17384,710,18094,19861,19214
"2022-07-01","普陀区",0,0,0,0,0,0,0,0,0,797,323,647,1767,17384,710,18094,19861,19214
"2022-07-02","普陀区",0,0,0,0,0,0,0,0,0,797,323,647,1767,17384,710,18094,19861,19214
"2022-07-03","普陀区",0,0,0,0,1,0,1,1,1,797,323,647,1767,17384,711,18095,19862,19215
"2022-07-04","普陀区",1,0,0,4,0,1,4,5,5,798,323,647,1768,17388,711,18099,19867,19220
"2022-07-05","普陀区",1,0,0,7,0,1,7,8,8,799,323,647,1769,17395,711,18106,19875,19228
"2022-07-06","普陀区",1,0,0,12,0,1,12,13,13,800,323,647,1770,17407,711,18118,19888,19241
"2022-07-07","普陀区",1,0,0,4,0,1,4,5,5,801,323,647,1771,17411,711,18122,19893,19246
"2022-07-08","普陀区",1,0,0,12,0,1,12,13,13,802,323,647,1772,17423,711,18134,19906,19259
"2022-07-09","普陀区",0,0,0,9,0,0,9,9,9,802,323,647,1772,17432,711,18143,19915,19268
"2022-07-10","普陀区",0,0,0,2,0,0,2,2,2,802,323,647,1772,17434,711,18145,19917,19270
"2022-03-09","青浦区",0,0,0,0,0,0,0,0,0,0,0,0,0,0,0,0,0,0
"2022-03-10","青浦区",1,0,0,4,0,1,4,5,5,1,0,0,1,4,0,4,5,5
"2022-03-11","青浦区",0,0,0,1,0,0,1,1,1,1,0,0,1,5,0,5,6,6
"2022-03-12","青浦区",0,0,0,0,0,0,0,0,0,1,0,0,1,5,0,5,6,6
"2022-03-13","青浦区",0,0,2,1,1,2,2,4,2,1,0,2,3,6,1,7,10,8
"2022-03-14","青浦区",0,0,0,0,0,0,0,0,0,1,0,2,3,6,1,7,10,8
"2022-03-15","青浦区",0,0,0,3,3,0,6,6,6,1,0,2,3,9,4,13,16,14
"2022-03-16","青浦区",0,0,0,1,0,0,1,1,1,1,0,2,3,10,4,14,17,15
"2022-03-17","青浦区",0,0,0,0,1,0,1,1,1,1,0,2,3,10,5,15,18,16
"2022-03-18","青浦区",0,0,0,1,15,0,16,16,16,1,0,2,3,11,20,31,34,32
"2022-03-19","青浦区",0,0,0,0,5,0,5,5,5,1,0,2,3,11,25,36,39,37
"2022-03-20","青浦区",0,0,0,4,0,0,4,4,4,1,0,2,3,15,25,40,43,41
"2022-03-21","青浦区",0,0,0,4,1,0,5,5,5,1,0,2,3,19,26,45,48,46
"2022-03-22","青浦区",0,0,0,19,1,0,20,20,20,1,0,2,3,38,27,65,68,66
"2022-03-23","青浦区",0,0,0,10,0,0,10,10,10,1,0,2,3,48,27,75,78,76
"2022-03-24","青浦区",0,0,0,13,0,0,13,13,13,1,0,2,3,61,27,88,91,89
"2022-03-25","青浦区",0,0,0,13,0,0,13,13,13,1,0,2,3,74,27,101,104,102
"2022-03-26","青浦区",0,0,0,20,2,0,22,22,22,1,0,2,3,94,29,123,126,124
"2022-03-27","青浦区",0,0,0,35,8,0,43,43,43,1,0,2,3,129,37,166,169,167
"2022-03-28","青浦区",0,2,0,51,4,2,55,57,57,1,2,2,5,180,41,221,226,224
"2022-03-29","青浦区",0,0,0,85,2,0,87,87,87,1,2,2,5,265,43,308,313,311
"2022-03-30","青浦区",0,3,2,63,9,5,72,77,75,1,5,4,10,328,52,380,390,386
"2022-03-31","青浦区",0,0,1,73,21,1,94,95,94,1,5,5,11,401,73,474,485,480
"2022-04-01","青浦区",0,0,0,76,11,0,87,87,87,1,5,5,11,477,84,561,572,567
"2022-04-02","青浦区",0,3,0,192,36,3,228,231,231,1,8,5,14,669,120,789,803,798
"2022-04-03","青浦区",0,2,1,224,5,3,229,232,231,1,10,6,17,893,125,1018,1035,1029
"2022-04-04","青浦区",0,1,0,309,4,1,313,314,314,1,11,6,18,1202,129,1331,1349,1343
"2022-04-05","青浦区",0,6,0,376,2,6,378,384,384,1,17,6,24,1578,131,1709,1733,1727
"2022-04-06","青浦区",0,4,0,464,2,4,466,470,470,1,21,6,28,2042,133,2175,2203,2197
"2022-04-07","青浦区",0,0,4,486,3,4,489,493,489,1,21,10,32,2528,136,2664,2696,2686
"2022-04-08","青浦区",9,7,8,316,2,24,318,342,334,10,28,18,56,2844,138,2982,3038,3020
"2022-04-09","青浦区",0,2,7,547,1,9,548,557,550,10,30,25,65,3391,139,3530,3595,3570
"2022-04-10","青浦区",0,1,0,868,8,1,876,877,877,10,31,25,66,4259,147,4406,4472,4447
"2022-04-11","青浦区",0,3,4,316,8,7,324,331,327,10,34,29,73,4575,155,4730,4803,4774
"2022-04-12","青浦区",53,7,1,456,7,61,463,524,523,63,41,30,134,5031,162,5193,5327,5297
"2022-04-13","青浦区",53,5,41,219,1,99,220,319,278,116,46,71,233,5250,163,5413,5646,5575
"2022-04-14","青浦区",122,6,0,172,4,128,176,304,304,238,52,71,361,5422,167,5589,5950,5879
"2022-04-15","青浦区",121,9,1,394,11,131,405,536,535,359,61,72,492,5816,178,5994,6486,6414
"2022-04-16","青浦区",41,3,2,256,3,46,259,305,303,400,64,74,538,6072,181,6253,6791,6717
"2022-04-17","青浦区",14,2,1,345,7,17,352,369,368,414,66,75,555,6417,188,6605,7160,7085
"2022-04-18","青浦区",42,12,23,165,15,77,180,257,234,456,78,98,632,6582,203,6785,7417,7319
"2022-04-19","青浦区",67,1,4,310,7,72,317,389,385,523,79,102,704,6892,210,7102,7806,7704
"2022-04-20","青浦区",60,4,56,157,3,120,160,280,224,583,83,158,824,7049,213,7262,8086,7928
"2022-04-21","青浦区",54,3,3,311,14,60,325,385,382,637,86,161,884,7360,227,7587,8471,8310
"2022-04-22","青浦区",41,1,2,302,13,44,315,359,357,678,87,163,928,7662,240,7902,8830,8667
"2022-04-23","青浦区",19,6,1,361,37,26,398,424,423,697,93,164,954,8023,277,8300,9254,9090
"2022-04-24","青浦区",5,0,3,240,3,8,243,251,248,702,93,167,962,8263,280,8543,9505,9338
"2022-04-25","青浦区",42,0,2,335,0,44,335,379,377,744,93,169,1006,8598,280,8878,9884,9715
"2022-04-26","青浦区",5,0,22,284,0,27,284,311,289,749,93,191,1033,8882,280,9162,10195,10004
"2022-04-27","青浦区",1,0,3,204,0,4,204,208,205,750,93,194,1037,9086,280,9366,10403,10209
"2022-04-28","青浦区",5,0,132,132,0,137,132,269,137,755,93,326,1174,9218,280,9498,10672,10346
"2022-04-29","青浦区",11,0,35,110,0,46,110,156,121,766,93,361,1220,9328,280,9608,10828,10467
"2022-04-30","青浦区",2,0,19,107,0,21,107,128,109,768,93,380,1241,9435,280,9715,10956,10576
"2022-05-01","青浦区",3,0,21,90,1,24,91,115,94,771,93,401,1265,9525,281,9806,11071,10670
"2022-05-02","青浦区",7,0,3,84,0,10,84,94,91,778,93,404,1275,9609,281,9890,11165,10761
"2022-05-03","青浦区",0,0,2,41,0,2,41,43,41,778,93,406,1277,9650,281,9931,11208,10802
"2022-05-04","青浦区",0,0,4,66,0,4,66,70,66,778,93,410,1281,9716,281,9997,11278,10868
"2022-05-05","青浦区",0,0,0,56,0,0,56,56,56,778,93,410,1281,9772,281,10053,11334,10924
"2022-05-06","青浦区",2,0,1,166,0,3,166,169,168,780,93,411,1284,9938,281,10219,11503,11092
"2022-05-07","青浦区",1,0,2,31,0,3,31,34,32,781,93,413,1287,9969,281,10250,11537,11124
"2022-05-08","青浦区",0,0,1,48,0,1,48,49,48,781,93,414,1288,10017,281,10298,11586,11172
"2022-05-09","青浦区",0,0,2,53,1,2,54,56,54,781,93,416,1290,10070,282,10352,11642,11226
"2022-05-10","青浦区",0,0,11,16,0,11,16,27,16,781,93,427,1301,10086,282,10368,11669,11242
"2022-05-11","青浦区",1,0,2,34,0,3,34,37,35,782,93,429,1304,10120,282,10402,11706,11277
"2022-05-12","青浦区",0,0,1,19,0,1,19,20,19,782,93,430,1305,10139,282,10421,11726,11296
"2022-05-13","青浦区",0,0,9,15,0,9,15,24,15,782,93,439,1314,10154,282,10436,11750,11311
"2022-05-14","青浦区",0,0,2,26,0,2,26,28,26,782,93,441,1316,10180,282,10462,11778,11337
"2022-05-15","青浦区",0,0,1,9,0,1,9,10,9,782,93,442,1317,10189,282,10471,11788,11346
"2022-05-16","青浦区",1,0,0,19,0,1,19,20,20,783,93,442,1318,10208,282,10490,11808,11366
"2022-05-17","青浦区",0,0,0,14,0,0,14,14,14,783,93,442,1318,10222,282,10504,11822,11380
"2022-05-18","青浦区",0,0,0,3,0,0,3,3,3,783,93,442,1318,10225,282,10507,11825,11383
"2022-05-19","青浦区",0,0,0,14,3,0,17,17,17,783,93,442,1318,10239,285,10524,11842,11400
"2022-05-20","青浦区",0,0,0,12,0,0,12,12,12,783,93,442,1318,10251,285,10536,11854,11412
"2022-05-21","青浦区",0,0,0,5,0,0,5,5,5,783,93,442,1318,10256,285,10541,11859,11417
"2022-05-22","青浦区",0,0,0,2,0,0,2,2,2,783,93,442,1318,10258,285,10543,11861,11419
"2022-05-23","青浦区",0,0,0,3,0,0,3,3,3,783,93,442,1318,10261,285,10546,11864,11422
"2022-05-24","青浦区",0,0,0,4,0,0,4,4,4,783,93,442,1318,10265,285,10550,11868,11426
"2022-05-25","青浦区",0,0,0,2,0,0,2,2,2,783,93,442,1318,10267,285,10552,11870,11428
"2022-05-26","青浦区",0,0,0,4,0,0,4,4,4,783,93,442,1318,10271,285,10556,11874,11432
"2022-05-27","青浦区",0,0,0,1,0,0,1,1,1,783,93,442,1318,10272,285,10557,11875,11433
"2022-05-28","青浦区",0,0,0,2,0,0,2,2,2,783,93,442,1318,10274,285,10559,11877,11435
"2022-05-29","青浦区",0,0,0,0,0,0,0,0,0,783,93,442,1318,10274,285,10559,11877,11435
"2022-05-30","青浦区",0,0,0,0,0,0,0,0,0,783,93,442,1318,10274,285,10559,11877,11435
"2022-05-31","青浦区",0,0,0,0,0,0,0,0,0,783,93,442,1318,10274,285,10559,11877,11435
"2022-06-01","青浦区",0,0,0,1,0,0,1,1,1,783,93,442,1318,10275,285,10560,11878,11436
"2022-06-02","青浦区",0,0,0,0,0,0,0,0,0,783,93,442,1318,10275,285,10560,11878,11436
"2022-06-03","青浦区",0,0,0,0,0,0,0,0,0,783,93,442,1318,10275,285,10560,11878,11436
"2022-06-04","青浦区",0,0,0,0,0,0,0,0,0,783,93,442,1318,10275,285,10560,11878,11436
"2022-06-05","青浦区",0,0,0,0,0,0,0,0,0,783,93,442,1318,10275,285,10560,11878,11436
"2022-06-06","青浦区",0,0,0,0,0,0,0,0,0,783,93,442,1318,10275,285,10560,11878,11436
"2022-06-07","青浦区",0,0,0,0,0,0,0,0,0,783,93,442,1318,10275,285,10560,11878,11436
"2022-06-08","青浦区",0,0,0,0,0,0,0,0,0,783,93,442,1318,10275,285,10560,11878,11436
"2022-06-09","青浦区",0,0,0,0,0,0,0,0,0,783,93,442,1318,10275,285,10560,11878,11436
"2022-06-10","青浦区",0,0,0,0,0,0,0,0,0,783,93,442,1318,10275,285,10560,11878,11436
"2022-06-11","青浦区",1,0,0,1,0,1,1,2,2,784,93,442,1319,10276,285,10561,11880,11438
"2022-06-12","青浦区",0,0,0,0,1,0,1,1,1,784,93,442,1319,10276,286,10562,11881,11439
"2022-06-13","青浦区",0,0,0,0,0,0,0,0,0,784,93,442,1319,10276,286,10562,11881,11439
"2022-06-14","青浦区",0,0,0,0,0,0,0,0,0,784,93,442,1319,10276,286,10562,11881,11439
"2022-06-15","青浦区",0,0,0,1,0,0,1,1,1,784,93,442,1319,10277,286,10563,11882,11440
"2022-06-16","青浦区",0,0,0,0,0,0,0,0,0,784,93,442,1319,10277,286,10563,11882,11440
"2022-06-17","青浦区",0,0,0,0,0,0,0,0,0,784,93,442,1319,10277,286,10563,11882,11440
"2022-06-18","青浦区",0,0,0,0,0,0,0,0,0,784,93,442,1319,10277,286,10563,11882,11440
"2022-06-19","青浦区",0,0,0,0,0,0,0,0,0,784,93,442,1319,10277,286,10563,11882,11440
"2022-06-20","青浦区",0,0,0,0,0,0,0,0,0,784,93,442,1319,10277,286,10563,11882,11440
"2022-06-21","青浦区",0,0,0,0,0,0,0,0,0,784,93,442,1319,10277,286,10563,11882,11440
"2022-06-22","青浦区",0,0,0,0,0,0,0,0,0,784,93,442,1319,10277,286,10563,11882,11440
"2022-06-23","青浦区",0,0,0,0,0,0,0,0,0,784,93,442,1319,10277,286,10563,11882,11440
"2022-06-24","青浦区",0,0,0,0,0,0,0,0,0,784,93,442,1319,10277,286,10563,11882,11440
"2022-06-25","青浦区",0,0,0,0,0,0,0,0,0,784,93,442,1319,10277,286,10563,11882,11440
"2022-06-26","青浦区",0,0,0,0,0,0,0,0,0,784,93,442,1319,10277,286,10563,11882,11440
"2022-06-27","青浦区",0,0,0,0,0,0,0,0,0,784,93,442,1319,10277,286,10563,11882,11440
"2022-06-28","青浦区",0,0,0,0,0,0,0,0,0,784,93,442,1319,10277,286,10563,11882,11440
"2022-06-29","青浦区",0,0,0,0,0,0,0,0,0,784,93,442,1319,10277,286,10563,11882,11440
"2022-06-30","青浦区",0,0,0,0,0,0,0,0,0,784,93,442,1319,10277,286,10563,11882,11440
"2022-07-01","青浦区",0,0,0,0,0,0,0,0,0,784,93,442,1319,10277,286,10563,11882,11440
"2022-07-02","青浦区",0,0,0,0,0,0,0,0,0,784,93,442,1319,10277,286,10563,11882,11440
"2022-07-03","青浦区",0,0,0,0,0,0,0,0,0,784,93,442,1319,10277,286,10563,11882,11440
"2022-07-04","青浦区",0,0,0,0,0,0,0,0,0,784,93,442,1319,10277,286,10563,11882,11440
"2022-07-05","青浦区",0,0,0,0,0,0,0,0,0,784,93,442,1319,10277,286,10563,11882,11440
"2022-07-06","青浦区",0,0,0,0,0,0,0,0,0,784,93,442,1319,10277,286,10563,11882,11440
"2022-07-07","青浦区",0,0,0,1,0,0,1,1,1,784,93,442,1319,10278,286,10564,11883,11441
"2022-07-08","青浦区",0,0,0,1,0,0,1,1,1,784,93,442,1319,10279,286,10565,11884,11442
"2022-07-09","青浦区",0,0,0,0,0,0,0,0,0,784,93,442,1319,10279,286,10565,11884,11442
"2022-07-10","青浦区",0,0,0,0,0,0,0,0,0,784,93,442,1319,10279,286,10565,11884,11442
"2022-03-09","松江区",0,0,0,9,0,0,9,9,9,0,0,0,0,9,0,9,9,9
"2022-03-10","松江区",0,0,0,8,0,0,8,8,8,0,0,0,0,17,0,17,17,17
"2022-03-11","松江区",0,0,0,4,1,0,5,5,5,0,0,0,0,21,1,22,22,22
"2022-03-12","松江区",0,0,0,1,0,0,1,1,1,0,0,0,0,22,1,23,23,23
"2022-03-13","松江区",0,1,0,5,2,1,7,8,8,0,1,0,1,27,3,30,31,31
"2022-03-14","松江区",0,1,0,9,0,1,9,10,10,0,2,0,2,36,3,39,41,41
"2022-03-15","松江区",0,0,0,6,4,0,10,10,10,0,2,0,2,42,7,49,51,51
"2022-03-16","松江区",0,0,0,4,0,0,4,4,4,0,2,0,2,46,7,53,55,55
"2022-03-17","松江区",0,0,0,9,1,0,10,10,10,0,2,0,2,55,8,63,65,65
"2022-03-18","松江区",1,0,0,7,5,1,12,13,13,1,2,0,3,62,13,75,78,78
"2022-03-19","松江区",0,0,0,13,3,0,16,16,16,1,2,0,3,75,16,91,94,94
"2022-03-20","松江区",0,0,0,7,2,0,9,9,9,1,2,0,3,82,18,100,103,103
"2022-03-21","松江区",1,0,0,30,8,1,38,39,39,2,2,0,4,112,26,138,142,142
"2022-03-22","松江区",0,0,0,31,0,0,31,31,31,2,2,0,4,143,26,169,173,173
"2022-03-23","松江区",0,0,0,32,2,0,34,34,34,2,2,0,4,175,28,203,207,207
"2022-03-24","松江区",0,0,0,83,9,0,92,92,92,2,2,0,4,258,37,295,299,299
"2022-03-25","松江区",0,1,0,13,1,1,14,15,15,2,3,0,5,271,38,309,314,314
"2022-03-26","松江区",0,0,0,70,9,0,79,79,79,2,3,0,5,341,47,388,393,393
"2022-03-27","松江区",0,1,0,174,15,1,189,190,190,2,4,0,6,515,62,577,583,583
"2022-03-28","松江区",0,2,2,81,9,4,90,94,92,2,6,2,10,596,71,667,677,675
"2022-03-29","松江区",2,13,0,210,4,15,214,229,229,4,19,2,25,806,75,881,906,904
"2022-03-30","松江区",1,6,1,211,27,8,238,246,245,5,25,3,33,1017,102,1119,1152,1149
"2022-03-31","松江区",0,4,1,146,33,5,179,184,183,5,29,4,38,1163,135,1298,1336,1332
"2022-04-01","松江区",0,19,0,453,21,19,474,493,493,5,48,4,57,1616,156,1772,1829,1825
"2022-04-02","松江区",1,3,4,548,11,8,559,567,563,6,51,8,65,2164,167,2331,2396,2388
"2022-04-03","松江区",0,0,6,234,23,6,257,263,257,6,51,14,71,2398,190,2588,2659,2645
"2022-04-04","松江区",1,5,0,544,9,6,553,559,559,7,56,14,77,2942,199,3141,3218,3204
"2022-04-05","松江区",1,8,5,750,32,14,782,796,791,8,64,19,91,3692,231,3923,4014,3995
"2022-04-06","松江区",1,1,0,775,4,2,779,781,781,9,65,19,93,4467,235,4702,4795,4776
"2022-04-07","松江区",93,2,12,638,6,107,644,751,739,102,67,31,200,5105,241,5346,5546,5515
"2022-04-08","松江区",87,4,17,648,15,108,663,771,754,189,71,48,308,5753,256,6009,6317,6269
"2022-04-09","松江区",0,1,9,482,8,10,490,500,491,189,72,57,318,6235,264,6499,6817,6760
"2022-04-10","松江区",282,9,0,1530,4,291,1534,1825,1825,471,81,57,609,7765,268,8033,8642,8585
"2022-04-11","松江区",13,3,5,658,12,21,670,691,686,484,84,62,630,8423,280,8703,9333,9271
"2022-04-12","松江区",73,3,1,629,6,77,635,712,711,557,87,63,707,9052,286,9338,10045,9982
"2022-04-13","松江区",122,4,5,519,7,131,526,657,652,679,91,68,838,9571,293,9864,10702,10634
"2022-04-14","松江区",174,4,0,577,6,178,583,761,761,853,95,68,1016,10148,299,10447,11463,11395
"2022-04-15","松江区",195,3,0,567,8,198,575,773,773,1048,98,68,1214,10715,307,11022,12236,12168
"2022-04-16","松江区",83,3,1,322,1,87,323,410,409,1131,101,69,1301,11037,308,11345,12646,12577
"2022-04-17","松江区",150,0,3,744,8,153,752,905,902,1281,101,72,1454,11781,316,12097,13551,13479
"2022-04-18","松江区",123,1,67,570,1,191,571,762,695,1404,102,139,1645,12351,317,12668,14313,14174
"2022-04-19","松江区",57,0,1,265,2,58,267,325,324,1461,102,140,1703,12616,319,12935,14638,14498
"2022-04-20","松江区",142,1,22,505,6,165,511,676,654,1603,103,162,1868,13121,325,13446,15314,15152
"2022-04-21","松江区",22,0,0,469,2,22,471,493,493,1625,103,162,1890,13590,327,13917,15807,15645
"2022-04-22","松江区",115,2,3,2446,2,120,2448,2568,2565,1740,105,165,2010,16036,329,16365,18375,18210
"2022-04-23","松江区",29,1,2,738,3,32,741,773,771,1769,106,167,2042,16774,332,17106,19148,18981
"2022-04-24","松江区",35,0,131,382,0,166,382,548,417,1804,106,298,2208,17156,332,17488,19696,19398
"2022-04-25","松江区",45,0,63,528,5,108,533,641,578,1849,106,361,2316,17684,337,18021,20337,19976
"2022-04-26","松江区",0,0,29,256,2,29,258,287,258,1849,106,390,2345,17940,339,18279,20624,20234
"2022-04-27","松江区",2,0,50,177,2,52,179,231,181,1851,106,440,2397,18117,341,18458,20855,20415
"2022-04-28","松江区",20,1,231,145,5,252,150,402,171,1871,107,671,2649,18262,346,18608,21257,20586
"2022-04-29","松江区",14,0,10,110,0,24,110,134,124,1885,107,681,2673,18372,346,18718,21391,20710
"2022-04-30","松江区",10,0,19,76,0,29,76,105,86,1895,107,700,2702,18448,346,18794,21496,20796
"2022-05-01","松江区",8,0,4,80,4,12,84,96,92,1903,107,704,2714,18528,350,18878,21592,20888
"2022-05-02","松江区",28,0,1,39,0,29,39,68,67,1931,107,705,2743,18567,350,18917,21660,20955
"2022-05-03","松江区",27,1,6,53,3,34,56,90,84,1958,108,711,2777,18620,353,18973,21750,21039
"2022-05-04","松江区",10,1,44,35,2,55,37,92,48,1968,109,755,2832,18655,355,19010,21842,21087
"2022-05-05","松江区",5,0,33,41,4,38,45,83,50,1973,109,788,2870,18696,359,19055,21925,21137
"2022-05-06","松江区",3,0,2,19,3,5,22,27,25,1976,109,790,2875,18715,362,19077,21952,21162
"2022-05-07","松江区",3,0,19,26,0,22,26,48,29,1979,109,809,2897,18741,362,19103,22000,21191
"2022-05-08","松江区",3,0,10,22,5,13,27,40,30,1982,109,819,2910,18763,367,19130,22040,21221
"2022-05-09","松江区",1,0,6,19,0,7,19,26,20,1983,109,825,2917,18782,367,19149,22066,21241
"2022-05-10","松江区",2,0,4,13,0,6,13,19,15,1985,109,829,2923,18795,367,19162,22085,21256
"2022-05-11","松江区",3,0,1,10,0,4,10,14,13,1988,109,830,2927,18805,367,19172,22099,21269
"2022-05-12","松江区",1,0,6,15,0,7,15,22,16,1989,109,836,2934,18820,367,19187,22121,21285
"2022-05-13","松江区",1,0,2,8,0,3,8,11,9,1990,109,838,2937,18828,367,19195,22132,21294
"2022-05-14","松江区",0,0,0,6,0,0,6,6,6,1990,109,838,2937,18834,367,19201,22138,21300
"2022-05-15","松江区",0,0,1,13,0,1,13,14,13,1990,109,839,2938,18847,367,19214,22152,21313
"2022-05-16","松江区",1,0,1,9,0,2,9,11,10,1991,109,840,2940,18856,367,19223,22163,21323
"2022-05-17","松江区",5,0,2,12,0,7,12,19,17,1996,109,842,2947,18868,367,19235,22182,21340
"2022-05-18","松江区",2,0,0,13,0,2,13,15,15,1998,109,842,2949,18881,367,19248,22197,21355
"2022-05-19","松江区",1,0,0,9,0,1,9,10,10,1999,109,842,2950,18890,367,19257,22207,21365
"2022-05-20","松江区",0,0,0,6,0,0,6,6,6,1999,109,842,2950,18896,367,19263,22213,21371
"2022-05-21","松江区",1,0,0,12,0,1,12,13,13,2000,109,842,2951,18908,367,19275,22226,21384
"2022-05-22","松江区",0,0,0,5,0,0,5,5,5,2000,109,842,2951,18913,367,19280,22231,21389
"2022-05-23","松江区",0,0,0,7,0,0,7,7,7,2000,109,842,2951,18920,367,19287,22238,21396
"2022-05-24","松江区",0,0,0,1,0,0,1,1,1,2000,109,842,2951,18921,367,19288,22239,21397
"2022-05-25","松江区",0,0,0,0,0,0,0,0,0,2000,109,842,2951,18921,367,19288,22239,21397
"2022-05-26","松江区",0,0,0,2,0,0,2,2,2,2000,109,842,2951,18923,367,19290,22241,21399
"2022-05-27","松江区",3,1,0,0,0,4,0,4,4,2003,110,842,2955,18923,367,19290,22245,21403
"2022-05-28","松江区",0,0,0,0,0,0,0,0,0,2003,110,842,2955,18923,367,19290,22245,21403
"2022-05-29","松江区",1,0,1,0,0,2,0,2,1,2004,110,843,2957,18923,367,19290,22247,21404
"2022-05-30","松江区",0,0,0,1,0,0,1,1,1,2004,110,843,2957,18924,367,19291,22248,21405
"2022-05-31","松江区",0,0,0,0,0,0,0,0,0,2004,110,843,2957,18924,367,19291,22248,21405
"2022-06-01","松江区",0,0,0,0,0,0,0,0,0,2004,110,843,2957,18924,367,19291,22248,21405
"2022-06-02","松江区",0,0,0,0,0,0,0,0,0,2004,110,843,2957,18924,367,19291,22248,21405
"2022-06-03","松江区",0,0,0,0,0,0,0,0,0,2004,110,843,2957,18924,367,19291,22248,21405
"2022-06-04","松江区",0,0,0,0,0,0,0,0,0,2004,110,843,2957,18924,367,19291,22248,21405
"2022-06-05","松江区",0,0,0,0,0,0,0,0,0,2004,110,843,2957,18924,367,19291,22248,21405
"2022-06-06","松江区",0,0,0,0,0,0,0,0,0,2004,110,843,2957,18924,367,19291,22248,21405
"2022-06-07","松江区",0,0,0,0,0,0,0,0,0,2004,110,843,2957,18924,367,19291,22248,21405
"2022-06-08","松江区",0,0,0,0,0,0,0,0,0,2004,110,843,2957,18924,367,19291,22248,21405
"2022-06-09","松江区",1,0,0,0,0,1,0,1,1,2005,110,843,2958,18924,367,19291,22249,21406
"2022-06-10","松江区",0,0,0,0,0,0,0,0,0,2005,110,843,2958,18924,367,19291,22249,21406
"2022-06-11","松江区",0,0,0,0,0,0,0,0,0,2005,110,843,2958,18924,367,19291,22249,21406
"2022-06-12","松江区",0,0,0,0,0,0,0,0,0,2005,110,843,2958,18924,367,19291,22249,21406
"2022-06-13","松江区",0,0,0,0,0,0,0,0,0,2005,110,843,2958,18924,367,19291,22249,21406
"2022-06-14","松江区",0,0,0,0,1,0,1,1,1,2005,110,843,2958,18924,368,19292,22250,21407
"2022-06-15","松江区",0,0,0,0,0,0,0,0,0,2005,110,843,2958,18924,368,19292,22250,21407
"2022-06-16","松江区",0,0,0,0,0,0,0,0,0,2005,110,843,2958,18924,368,19292,22250,21407
"2022-06-17","松江区",0,0,0,0,0,0,0,0,0,2005,110,843,2958,18924,368,19292,22250,21407
"2022-06-18","松江区",0,0,0,0,0,0,0,0,0,2005,110,843,2958,18924,368,19292,22250,21407
"2022-06-19","松江区",0,0,0,0,0,0,0,0,0,2005,110,843,2958,18924,368,19292,22250,21407
"2022-06-20","松江区",0,0,0,0,0,0,0,0,0,2005,110,843,2958,18924,368,19292,22250,21407
"2022-06-21","松江区",0,0,0,0,0,0,0,0,0,2005,110,843,2958,18924,368,19292,22250,21407
"2022-06-22","松江区",0,0,0,0,0,0,0,0,0,2005,110,843,2958,18924,368,19292,22250,21407
"2022-06-23","松江区",0,0,0,0,0,0,0,0,0,2005,110,843,2958,18924,368,19292,22250,21407
"2022-06-24","松江区",0,0,0,0,0,0,0,0,0,2005,110,843,2958,18924,368,19292,22250,21407
"2022-06-25","松江区",0,0,0,0,0,0,0,0,0,2005,110,843,2958,18924,368,19292,22250,21407
"2022-06-26","松江区",0,0,0,0,0,0,0,0,0,2005,110,843,2958,18924,368,19292,22250,21407
"2022-06-27","松江区",0,0,0,0,0,0,0,0,0,2005,110,843,2958,18924,368,19292,22250,21407
"2022-06-28","松江区",0,0,0,0,0,0,0,0,0,2005,110,843,2958,18924,368,19292,22250,21407
"2022-06-29","松江区",0,0,0,0,0,0,0,0,0,2005,110,843,2958,18924,368,19292,22250,21407
"2022-06-30","松江区",0,0,0,0,0,0,0,0,0,2005,110,843,2958,18924,368,19292,22250,21407
"2022-07-01","松江区",0,0,0,0,0,0,0,0,0,2005,110,843,2958,18924,368,19292,22250,21407
"2022-07-02","松江区",0,0,0,0,0,0,0,0,0,2005,110,843,2958,18924,368,19292,22250,21407
"2022-07-03","松江区",0,0,0,0,0,0,0,0,0,2005,110,843,2958,18924,368,19292,22250,21407
"2022-07-04","松江区",0,0,0,0,0,0,0,0,0,2005,110,843,2958,18924,368,19292,22250,21407
"2022-07-05","松江区",0,0,0,0,0,0,0,0,0,2005,110,843,2958,18924,368,19292,22250,21407
"2022-07-06","松江区",0,1,0,2,0,1,2,3,3,2005,111,843,2959,18926,368,19294,22253,21410
"2022-07-07","松江区",0,0,0,0,0,0,0,0,0,2005,111,843,2959,18926,368,19294,22253,21410
"2022-07-08","松江区",0,0,0,1,0,0,1,1,1,2005,111,843,2959,18927,368,19295,22254,21411
"2022-07-09","松江区",0,1,0,1,0,1,1,2,2,2005,112,843,2960,18928,368,19296,22256,21413
"2022-07-10","松江区",0,0,0,0,0,0,0,0,0,2005,112,843,2960,18928,368,19296,22256,21413
"2022-03-09","徐汇区",0,0,0,6,0,0,6,6,6,0,0,0,0,6,0,6,6,6
"2022-03-10","徐汇区",0,0,0,6,1,0,7,7,7,0,0,0,0,12,1,13,13,13
"2022-03-11","徐汇区",2,0,0,6,4,2,10,12,12,2,0,0,2,18,5,23,25,25
"2022-03-12","徐汇区",0,0,0,1,0,0,1,1,1,2,0,0,2,19,5,24,26,26
"2022-03-13","徐汇区",0,4,0,8,6,4,14,18,18,2,4,0,6,27,11,38,44,44
"2022-03-14","徐汇区",2,0,0,10,1,2,11,13,13,4,4,0,8,37,12,49,57,57
"2022-03-15","徐汇区",1,0,0,13,10,1,23,24,24,5,4,0,9,50,22,72,81,81
"2022-03-16","徐汇区",0,2,0,0,5,2,5,7,7,5,6,0,11,50,27,77,88,88
"2022-03-17","徐汇区",0,8,0,9,19,8,28,36,36,5,14,0,19,59,46,105,124,124
"2022-03-18","徐汇区",0,1,0,17,22,1,39,40,40,5,15,0,20,76,68,144,164,164
"2022-03-19","徐汇区",0,0,0,20,41,0,61,61,61,5,15,0,20,96,109,205,225,225
"2022-03-20","徐汇区",0,1,0,39,6,1,45,46,46,5,16,0,21,135,115,250,271,271
"2022-03-21","徐汇区",4,0,0,107,19,4,126,130,130,9,16,0,25,242,134,376,401,401
"2022-03-22","徐汇区",1,1,0,77,8,2,85,87,87,10,17,0,27,319,142,461,488,488
"2022-03-23","徐汇区",0,0,0,99,7,0,106,106,106,10,17,0,27,418,149,567,594,594
"2022-03-24","徐汇区",0,2,0,143,22,2,165,167,167,10,19,0,29,561,171,732,761,761
"2022-03-25","徐汇区",0,1,0,2,0,1,2,3,3,10,20,0,30,563,171,734,764,764
"2022-03-26","徐汇区",1,4,0,291,35,5,326,331,331,11,24,0,35,854,206,1060,1095,1095
"2022-03-27","徐汇区",0,6,0,218,53,6,271,277,277,11,30,0,41,1072,259,1331,1372,1372
"2022-03-28","徐汇区",0,5,1,60,25,6,85,91,90,11,35,1,47,1132,284,1416,1463,1462
"2022-03-29","徐汇区",5,25,4,968,98,34,1066,1100,1096,16,60,5,81,2100,382,2482,2563,2558
"2022-03-30","徐汇区",0,15,0,294,95,15,389,404,404,16,75,5,96,2394,477,2871,2967,2962
"2022-03-31","徐汇区",1,17,2,184,22,20,206,226,224,17,92,7,116,2578,499,3077,3193,3186
"2022-04-01","徐汇区",2,35,0,385,217,37,602,639,639,19,127,7,153,2963,716,3679,3832,3825
"2022-04-02","徐汇区",2,35,7,744,254,44,998,1042,1035,21,162,14,197,3707,970,4677,4874,4860
"2022-04-03","徐汇区",0,27,7,393,72,34,465,499,492,21,189,21,231,4100,1042,5142,5373,5352
"2022-04-04","徐汇区",0,8,0,1193,28,8,1221,1229,1229,21,197,21,239,5293,1070,6363,6602,6581
"2022-04-05","徐汇区",1,19,3,827,70,23,897,920,917,22,216,24,262,6120,1140,7260,7522,7498
"2022-04-06","徐汇区",0,16,3,1059,29,19,1088,1107,1104,22,232,27,281,7179,1169,8348,8629,8602
"2022-04-07","徐汇区",0,12,31,2022,11,43,2033,2076,2045,22,244,58,324,9201,1180,10381,10705,10647
"2022-04-08","徐汇区",56,20,38,1314,201,114,1515,1629,1591,78,264,96,438,10515,1381,11896,12334,12238
"2022-04-09","徐汇区",0,28,16,1056,50,44,1106,1150,1134,78,292,112,482,11571,1431,13002,13484,13372
"2022-04-10","徐汇区",18,26,2,2922,235,46,3157,3203,3201,96,318,114,528,14493,1666,16159,16687,16573
"2022-04-11","徐汇区",3,14,31,1678,45,48,1723,1771,1740,99,332,145,576,16171,1711,17882,18458,18313
"2022-04-12","徐汇区",41,14,1,1020,32,56,1052,1108,1107,140,346,146,632,17191,1743,18934,19566,19420
"2022-04-13","徐汇区",124,18,1,1320,29,143,1349,1492,1491,264,364,147,775,18511,1772,20283,21058,20911
"2022-04-14","徐汇区",126,46,121,984,65,293,1049,1342,1221,390,410,268,1068,19495,1837,21332,22400,22132
"2022-04-15","徐汇区",91,17,169,1388,24,277,1412,1689,1520,481,427,437,1345,20883,1861,22744,24089,23652
"2022-04-16","徐汇区",142,27,1,1342,20,170,1362,1532,1531,623,454,438,1515,22225,1881,24106,25621,25183
"2022-04-17","徐汇区",46,14,107,1346,40,167,1386,1553,1446,669,468,545,1682,23571,1921,25492,27174,26629
"2022-04-18","徐汇区",35,16,17,483,21,68,504,572,555,704,484,562,1750,24054,1942,25996,27746,27184
"2022-04-19","徐汇区",107,34,3,1403,61,144,1464,1608,1605,811,518,565,1894,25457,2003,27460,29354,28789
"2022-04-20","徐汇区",118,18,55,1234,22,191,1256,1447,1392,929,536,620,2085,26691,2025,28716,30801,30181
"2022-04-21","徐汇区",258,12,77,981,38,347,1019,1366,1289,1187,548,697,2432,27672,2063,29735,32167,31470
"2022-04-22","徐汇区",20,24,79,1125,27,123,1152,1275,1196,1207,572,776,2555,28797,2090,30887,33442,32666
"2022-04-23","徐汇区",77,7,7,1617,14,91,1631,1722,1715,1284,579,783,2646,30414,2104,32518,35164,34381
"2022-04-24","徐汇区",120,7,101,1159,9,228,1168,1396,1295,1404,586,884,2874,31573,2113,33686,36560,35676
"2022-04-25","徐汇区",36,0,173,1122,10,209,1132,1341,1168,1440,586,1057,3083,32695,2123,34818,37901,36844
"2022-04-26","徐汇区",30,1,142,716,15,173,731,904,762,1470,587,1199,3256,33411,2138,35549,38805,37606
"2022-04-27","徐汇区",59,2,151,334,6,212,340,552,401,1529,589,1350,3468,33745,2144,35889,39357,38007
"2022-04-28","徐汇区",43,0,484,1053,0,527,1053,1580,1096,1572,589,1834,3995,34798,2144,36942,40937,39103
"2022-04-29","徐汇区",50,0,164,388,0,214,388,602,438,1622,589,1998,4209,35186,2144,37330,41539,39541
"2022-04-30","徐汇区",10,0,126,352,0,136,352,488,362,1632,589,2124,4345,35538,2144,37682,42027,39903
"2022-05-01","徐汇区",35,0,36,368,3,71,371,442,406,1667,589,2160,4416,35906,2147,38053,42469,40309
"2022-05-02","徐汇区",14,0,24,376,3,38,379,417,393,1681,589,2184,4454,36282,2150,38432,42886,40702
"2022-05-03","徐汇区",5,0,21,335,2,26,337,363,342,1686,589,2205,4480,36617,2152,38769,43249,41044
"2022-05-04","徐汇区",5,0,8,315,2,13,317,330,322,1691,589,2213,4493,36932,2154,39086,43579,41366
"2022-05-05","徐汇区",2,0,7,313,1,9,314,323,316,1693,589,2220,4502,37245,2155,39400,43902,41682
"2022-05-06","徐汇区",7,0,12,309,2,19,311,330,318,1700,589,2232,4521,37554,2157,39711,44232,42000
"2022-05-07","徐汇区",6,0,4,288,1,10,289,299,295,1706,589,2236,4531,37842,2158,40000,44531,42295
"2022-05-08","徐汇区",7,0,15,283,1,22,284,306,291,1713,589,2251,4553,38125,2159,40284,44837,42586
"2022-05-09","徐汇区",12,0,9,107,0,21,107,128,119,1725,589,2260,4574,38232,2159,40391,44965,42705
"2022-05-10","徐汇区",2,0,21,60,0,23,60,83,62,1727,589,2281,4597,38292,2159,40451,45048,42767
"2022-05-11","徐汇区",0,0,9,64,1,9,65,74,65,1727,589,2290,4606,38356,2160,40516,45122,42832
"2022-05-12","徐汇区",3,0,2,88,0,5,88,93,91,1730,589,2292,4611,38444,2160,40604,45215,42923
"2022-05-13","徐汇区",1,0,22,82,0,23,82,105,83,1731,589,2314,4634,38526,2160,40686,45320,43006
"2022-05-14","徐汇区",0,0,2,87,0,2,87,89,87,1731,589,2316,4636,38613,2160,40773,45409,43093
"2022-05-15","徐汇区",1,0,3,59,0,4,59,63,60,1732,589,2319,4640,38672,2160,40832,45472,43153
"2022-05-16","徐汇区",0,0,0,52,0,0,52,52,52,1732,589,2319,4640,38724,2160,40884,45524,43205
"2022-05-17","徐汇区",0,0,4,47,0,4,47,51,47,1732,589,2323,4644,38771,2160,40931,45575,43252
"2022-05-18","徐汇区",1,0,3,40,0,4,40,44,41,1733,589,2326,4648,38811,2160,40971,45619,43293
"2022-05-19","徐汇区",0,0,0,37,0,0,37,37,37,1733,589,2326,4648,38848,2160,41008,45656,43330
"2022-05-20","徐汇区",0,0,0,41,0,0,41,41,41,1733,589,2326,4648,38889,2160,41049,45697,43371
"2022-05-21","徐汇区",0,0,0,42,0,0,42,42,42,1733,589,2326,4648,38931,2160,41091,45739,43413
"2022-05-22","徐汇区",0,0,3,39,0,3,39,42,39,1733,589,2329,4651,38970,2160,41130,45781,43452
"2022-05-23","徐汇区",0,0,1,26,0,1,26,27,26,1733,589,2330,4652,38996,2160,41156,45808,43478
"2022-05-24","徐汇区",1,0,0,21,0,1,21,22,22,1734,589,2330,4653,39017,2160,41177,45830,43500
"2022-05-25","徐汇区",0,0,1,20,0,1,20,21,20,1734,589,2331,4654,39037,2160,41197,45851,43520
"2022-05-26","徐汇区",1,0,1,16,0,2,16,18,17,1735,589,2332,4656,39053,2160,41213,45869,43537
"2022-05-27","徐汇区",1,0,1,10,0,2,10,12,11,1736,589,2333,4658,39063,2160,41223,45881,43548
"2022-05-28","徐汇区",1,0,1,8,0,2,8,10,9,1737,589,2334,4660,39071,2160,41231,45891,43557
"2022-05-29","徐汇区",2,0,0,3,0,2,3,5,5,1739,589,2334,4662,39074,2160,41234,45896,43562
"2022-05-30","徐汇区",0,0,0,0,0,0,0,0,0,1739,589,2334,4662,39074,2160,41234,45896,43562
"2022-05-31","徐汇区",0,0,0,0,0,0,0,0,0,1739,589,2334,4662,39074,2160,41234,45896,43562
"2022-06-01","徐汇区",0,0,1,0,0,1,0,1,0,1739,589,2335,4663,39074,2160,41234,45897,43562
"2022-06-02","徐汇区",0,0,0,0,0,0,0,0,0,1739,589,2335,4663,39074,2160,41234,45897,43562
"2022-06-03","徐汇区",0,1,0,0,0,1,0,1,1,1739,590,2335,4664,39074,2160,41234,45898,43563
"2022-06-04","徐汇区",2,0,0,1,0,2,1,3,3,1741,590,2335,4666,39075,2160,41235,45901,43566
"2022-06-05","徐汇区",0,0,0,0,0,0,0,0,0,1741,590,2335,4666,39075,2160,41235,45901,43566
"2022-06-06","徐汇区",0,2,0,0,0,2,0,2,2,1741,592,2335,4668,39075,2160,41235,45903,43568
"2022-06-07","徐汇区",1,0,0,1,0,1,1,2,2,1742,592,2335,4669,39076,2160,41236,45905,43570
"2022-06-08","徐汇区",0,0,0,2,0,0,2,2,2,1742,592,2335,4669,39078,2160,41238,45907,43572
"2022-06-09","徐汇区",0,0,0,1,1,0,2,2,2,1742,592,2335,4669,39079,2161,41240,45909,43574
"2022-06-10","徐汇区",0,0,0,2,0,0,2,2,2,1742,592,2335,4669,39081,2161,41242,45911,43576
"2022-06-11","徐汇区",1,0,0,2,1,1,3,4,4,1743,592,2335,4670,39083,2162,41245,45915,43580
"2022-06-12","徐汇区",2,0,0,10,2,2,12,14,14,1745,592,2335,4672,39093,2164,41257,45929,43594
"2022-06-13","徐汇区",2,0,0,5,0,2,5,7,7,1747,592,2335,4674,39098,2164,41262,45936,43601
"2022-06-14","徐汇区",1,0,0,1,0,1,1,2,2,1748,592,2335,4675,39099,2164,41263,45938,43603
"2022-06-15","徐汇区",1,0,0,2,0,1,2,3,3,1749,592,2335,4676,39101,2164,41265,45941,43606
"2022-06-16","徐汇区",0,0,0,0,0,0,0,0,0,1749,592,2335,4676,39101,2164,41265,45941,43606
"2022-06-17","徐汇区",0,0,0,1,0,0,1,1,1,1749,592,2335,4676,39102,2164,41266,45942,43607
"2022-06-18","徐汇区",0,0,0,0,0,0,0,0,0,1749,592,2335,4676,39102,2164,41266,45942,43607
"2022-06-19","徐汇区",0,0,0,0,0,0,0,0,0,1749,592,2335,4676,39102,2164,41266,45942,43607
"2022-06-20","徐汇区",0,0,0,0,0,0,0,0,0,1749,592,2335,4676,39102,2164,41266,45942,43607
"2022-06-21","徐汇区",0,0,0,0,0,0,0,0,0,1749,592,2335,4676,39102,2164,41266,45942,43607
"2022-06-22","徐汇区",0,0,0,0,0,0,0,0,0,1749,592,2335,4676,39102,2164,41266,45942,43607
"2022-06-23","徐汇区",0,0,0,0,0,0,0,0,0,1749,592,2335,4676,39102,2164,41266,45942,43607
"2022-06-24","徐汇区",0,0,0,0,0,0,0,0,0,1749,592,2335,4676,39102,2164,41266,45942,43607
"2022-06-25","徐汇区",0,0,0,0,0,0,0,0,0,1749,592,2335,4676,39102,2164,41266,45942,43607
"2022-06-26","徐汇区",0,0,0,0,0,0,0,0,0,1749,592,2335,4676,39102,2164,41266,45942,43607
"2022-06-27","徐汇区",0,0,0,0,0,0,0,0,0,1749,592,2335,4676,39102,2164,41266,45942,43607
"2022-06-28","徐汇区",0,0,0,0,0,0,0,0,0,1749,592,2335,4676,39102,2164,41266,45942,43607
"2022-06-29","徐汇区",0,0,0,0,0,0,0,0,0,1749,592,2335,4676,39102,2164,41266,45942,43607
"2022-06-30","徐汇区",0,0,0,0,0,0,0,0,0,1749,592,2335,4676,39102,2164,41266,45942,43607
"2022-07-01","徐汇区",0,0,0,0,0,0,0,0,0,1749,592,2335,4676,39102,2164,41266,45942,43607
"2022-07-02","徐汇区",0,0,0,0,0,0,0,0,0,1749,592,2335,4676,39102,2164,41266,45942,43607
"2022-07-03","徐汇区",0,0,0,0,0,0,0,0,0,1749,592,2335,4676,39102,2164,41266,45942,43607
"2022-07-04","徐汇区",0,0,0,0,0,0,0,0,0,1749,592,2335,4676,39102,2164,41266,45942,43607
"2022-07-05","徐汇区",3,0,0,0,0,3,0,3,3,1752,592,2335,4679,39102,2164,41266,45945,43610
"2022-07-06","徐汇区",2,0,0,0,0,2,0,2,2,1754,592,2335,4681,39102,2164,41266,45947,43612
"2022-07-07","徐汇区",4,0,0,2,0,4,2,6,6,1758,592,2335,4685,39104,2164,41268,45953,43618
"2022-07-08","徐汇区",0,0,0,3,0,0,3,3,3,1758,592,2335,4685,39107,2164,41271,45956,43621
"2022-07-09","徐汇区",1,0,0,2,0,1,2,3,3,1759,592,2335,4686,39109,2164,41273,45959,43624
"2022-07-10","徐汇区",1,0,0,0,1,1,1,2,2,1760,592,2335,4687,39109,2165,41274,45961,43626
"2022-03-09","杨浦区",0,0,0,0,1,0,1,1,1,0,0,0,0,0,1,1,1,1
"2022-03-10","杨浦区",0,0,0,0,0,0,0,0,0,0,0,0,0,0,1,1,1,1
"2022-03-11","杨浦区",0,0,0,0,0,0,0,0,0,0,0,0,0,0,1,1,1,1
"2022-03-12","杨浦区",0,0,0,0,0,0,0,0,0,0,0,0,0,0,1,1,1,1
"2022-03-13","杨浦区",0,0,0,1,2,0,3,3,3,0,0,0,0,1,3,4,4,4
"2022-03-14","杨浦区",0,0,0,0,1,0,1,1,1,0,0,0,0,1,4,5,5,5
"2022-03-15","杨浦区",0,0,0,1,1,0,2,2,2,0,0,0,0,2,5,7,7,7
"2022-03-16","杨浦区",0,0,0,0,2,0,2,2,2,0,0,0,0,2,7,9,9,9
"2022-03-17","杨浦区",0,0,0,2,0,0,2,2,2,0,0,0,0,4,7,11,11,11
"2022-03-18","杨浦区",0,0,0,3,5,0,8,8,8,0,0,0,0,7,12,19,19,19
"2022-03-19","杨浦区",0,0,0,12,2,0,14,14,14,0,0,0,0,19,14,33,33,33
"2022-03-20","杨浦区",0,0,0,6,2,0,8,8,8,0,0,0,0,25,16,41,41,41
"2022-03-21","杨浦区",0,0,0,9,1,0,10,10,10,0,0,0,0,34,17,51,51,51
"2022-03-22","杨浦区",0,0,0,2,1,0,3,3,3,0,0,0,0,36,18,54,54,54
"2022-03-23","杨浦区",0,0,0,7,4,0,11,11,11,0,0,0,0,43,22,65,65,65
"2022-03-24","杨浦区",0,1,0,17,3,1,20,21,21,0,1,0,1,60,25,85,86,86
"2022-03-25","杨浦区",0,0,0,11,0,0,11,11,11,0,1,0,1,71,25,96,97,97
"2022-03-26","杨浦区",1,1,0,13,8,2,21,23,23,1,2,0,3,84,33,117,120,120
"2022-03-27","杨浦区",0,0,0,26,9,0,35,35,35,1,2,0,3,110,42,152,155,155
"2022-03-28","杨浦区",0,0,0,41,6,0,47,47,47,1,2,0,3,151,48,199,202,202
"2022-03-29","杨浦区",0,3,0,88,8,3,96,99,99,1,5,0,6,239,56,295,301,301
"2022-03-30","杨浦区",1,2,0,91,6,3,97,100,100,2,7,0,9,330,62,392,401,401
"2022-03-31","杨浦区",0,3,2,156,13,5,169,174,172,2,10,2,14,486,75,561,575,573
"2022-04-01","杨浦区",0,10,1,106,17,11,123,134,133,2,20,3,25,592,92,684,709,706
"2022-04-02","杨浦区",0,16,3,233,22,19,255,274,271,2,36,6,44,825,114,939,983,977
"2022-04-03","杨浦区",0,29,1,314,30,30,344,374,373,2,65,7,74,1139,144,1283,1357,1350
"2022-04-04","杨浦区",1,9,0,200,10,10,210,220,220,3,74,7,84,1339,154,1493,1577,1570
"2022-04-05","杨浦区",0,10,1,586,26,11,612,623,622,3,84,8,95,1925,180,2105,2200,2192
"2022-04-06","杨浦区",3,9,0,598,20,12,618,630,630,6,93,8,107,2523,200,2723,2830,2822
"2022-04-07","杨浦区",0,8,21,559,13,29,572,601,580,6,101,29,136,3082,213,3295,3431,3402
"2022-04-08","杨浦区",0,5,7,671,18,12,689,701,694,6,106,36,148,3753,231,3984,4132,4096
"2022-04-09","杨浦区",0,19,13,1040,8,32,1048,1080,1067,6,125,49,180,4793,239,5032,5212,5163
"2022-04-10","杨浦区",54,7,0,1804,12,61,1816,1877,1877,60,132,49,241,6597,251,6848,7089,7040
"2022-04-11","杨浦区",0,12,18,1382,8,30,1390,1420,1402,60,144,67,271,7979,259,8238,8509,8442
"2022-04-12","杨浦区",52,8,0,1091,8,60,1099,1159,1159,112,152,67,331,9070,267,9337,9668,9601
"2022-04-13","杨浦区",51,3,0,1130,1,54,1131,1185,1185,163,155,67,385,10200,268,10468,10853,10786
"2022-04-14","杨浦区",46,1,1,767,2,48,769,817,816,209,156,68,433,10967,270,11237,11670,11602
"2022-04-15","杨浦区",124,4,147,1134,2,275,1136,1411,1264,333,160,215,708,12101,272,12373,13081,12866
"2022-04-16","杨浦区",78,5,1,775,1,84,776,860,859,411,165,216,792,12876,273,13149,13941,13725
"2022-04-17","杨浦区",15,6,5,856,5,26,861,887,882,426,171,221,818,13732,278,14010,14828,14607
"2022-04-18","杨浦区",57,1,6,415,2,64,417,481,475,483,172,227,882,14147,280,14427,15309,15082
"2022-04-19","杨浦区",26,2,36,701,1,64,702,766,730,509,174,263,946,14848,281,15129,16075,15812
"2022-04-20","杨浦区",174,5,23,1792,11,202,1803,2005,1982,683,179,286,1148,16640,292,16932,18080,17794
"2022-04-21","杨浦区",50,3,1,482,7,54,489,543,542,733,182,287,1202,17122,299,17421,18623,18336
"2022-04-22","杨浦区",79,3,6,1257,11,88,1268,1356,1350,812,185,293,1290,18379,310,18689,19979,19686
"2022-04-23","杨浦区",31,6,5,1217,18,42,1235,1277,1272,843,191,298,1332,19596,328,19924,21256,20958
"2022-04-24","杨浦区",51,4,20,1138,22,75,1160,1235,1215,894,195,318,1407,20734,350,21084,22491,22173
"2022-04-25","杨浦区",30,0,35,1113,66,65,1179,1244,1209,924,195,353,1472,21847,416,22263,23735,23382
"2022-04-26","杨浦区",24,0,23,1059,0,47,1059,1106,1083,948,195,376,1519,22906,416,23322,24841,24465
"2022-04-27","杨浦区",35,0,25,466,0,60,466,526,501,983,195,401,1579,23372,416,23788,25367,24966
"2022-04-28","杨浦区",13,0,62,733,0,75,733,808,746,996,195,463,1654,24105,416,24521,26175,25712
"2022-04-29","杨浦区",11,0,16,740,0,27,740,767,751,1007,195,479,1681,24845,416,25261,26942,26463
"2022-04-30","杨浦区",2,0,20,320,0,22,320,342,322,1009,195,499,1703,25165,416,25581,27284,26785
"2022-05-01","杨浦区",7,0,28,432,0,35,432,467,439,1016,195,527,1738,25597,416,26013,27751,27224
"2022-05-02","杨浦区",5,0,29,354,0,34,354,388,359,1021,195,556,1772,25951,416,26367,28139,27583
"2022-05-03","杨浦区",6,0,21,388,6,27,394,421,400,1027,195,577,1799,26339,422,26761,28560,27983
"2022-05-04","杨浦区",4,0,20,369,0,24,369,393,373,1031,195,597,1823,26708,422,27130,28953,28356
"2022-05-05","杨浦区",3,0,44,362,2,47,364,411,367,1034,195,641,1870,27070,424,27494,29364,28723
"2022-05-06","杨浦区",7,0,23,395,0,30,395,425,402,1041,195,664,1900,27465,424,27889,29789,29125
"2022-05-07","杨浦区",1,0,6,606,0,7,606,613,607,1042,195,670,1907,28071,424,28495,30402,29732
"2022-05-08","杨浦区",6,0,12,558,0,18,558,576,564,1048,195,682,1925,28629,424,29053,30978,30296
"2022-05-09","杨浦区",9,0,19,355,0,28,355,383,364,1057,195,701,1953,28984,424,29408,31361,30660
"2022-05-10","杨浦区",1,0,31,135,0,32,135,167,136,1058,195,732,1985,29119,424,29543,31528,30796
"2022-05-11","杨浦区",0,0,34,131,0,34,131,165,131,1058,195,766,2019,29250,424,29674,31693,30927
"2022-05-12","杨浦区",6,0,28,515,0,34,515,549,521,1064,195,794,2053,29765,424,30189,32242,31448
"2022-05-13","杨浦区",2,0,16,397,0,18,397,415,399,1066,195,810,2071,30162,424,30586,32657,31847
"2022-05-14","杨浦区",7,0,11,303,0,18,303,321,310,1073,195,821,2089,30465,424,30889,32978,32157
"2022-05-15","杨浦区",1,0,9,321,0,10,321,331,322,1074,195,830,2099,30786,424,31210,33309,32479
"2022-05-16","杨浦区",13,0,4,240,0,17,240,257,253,1087,195,834,2116,31026,424,31450,33566,32732
"2022-05-17","杨浦区",11,0,14,221,0,25,221,246,232,1098,195,848,2141,31247,424,31671,33812,32964
"2022-05-18","杨浦区",7,0,11,190,0,18,190,208,197,1105,195,859,2159,31437,424,31861,34020,33161
"2022-05-19","杨浦区",4,0,28,203,0,32,203,235,207,1109,195,887,2191,31640,424,32064,34255,33368
"2022-05-20","杨浦区",11,0,29,291,0,40,291,331,302,1120,195,916,2231,31931,424,32355,34586,33670
"2022-05-21","杨浦区",6,0,25,138,0,31,138,169,144,1126,195,941,2262,32069,424,32493,34755,33814
"2022-05-22","杨浦区",9,0,14,116,0,23,116,139,125,1135,195,955,2285,32185,424,32609,34894,33939
"2022-05-23","杨浦区",2,0,21,108,0,23,108,131,110,1137,195,976,2308,32293,424,32717,35025,34049
"2022-05-24","杨浦区",0,0,13,90,0,13,90,103,90,1137,195,989,2321,32383,424,32807,35128,34139
"2022-05-25","杨浦区",0,0,13,70,0,13,70,83,70,1137,195,1002,2334,32453,424,32877,35211,34209
"2022-05-26","杨浦区",3,0,21,49,0,24,49,73,52,1140,195,1023,2358,32502,424,32926,35284,34261
"2022-05-27","杨浦区",1,0,8,33,0,9,33,42,34,1141,195,1031,2367,32535,424,32959,35326,34295
"2022-05-28","杨浦区",0,0,8,24,0,8,24,32,24,1141,195,1039,2375,32559,424,32983,35358,34319
"2022-05-29","杨浦区",0,0,1,17,0,1,17,18,17,1141,195,1040,2376,32576,424,33000,35376,34336
"2022-05-30","杨浦区",0,0,1,6,0,1,6,7,6,1141,195,1041,2377,32582,424,33006,35383,34342
"2022-05-31","杨浦区",0,0,1,2,0,1,2,3,2,1141,195,1042,2378,32584,424,33008,35386,34344
"2022-06-01","杨浦区",1,0,0,1,0,1,1,2,2,1142,195,1042,2379,32585,424,33009,35388,34346
"2022-06-02","杨浦区",0,0,1,2,0,1,2,3,2,1142,195,1043,2380,32587,424,33011,35391,34348
"2022-06-03","杨浦区",0,0,2,2,0,2,2,4,2,1142,195,1045,2382,32589,424,33013,35395,34350
"2022-06-04","杨浦区",0,0,1,2,0,1,2,3,2,1142,195,1046,2383,32591,424,33015,35398,34352
"2022-06-05","杨浦区",0,0,0,0,0,0,0,0,0,1142,195,1046,2383,32591,424,33015,35398,34352
"2022-06-06","杨浦区",0,0,0,0,0,0,0,0,0,1142,195,1046,2383,32591,424,33015,35398,34352
"2022-06-07","杨浦区",0,0,0,1,0,0,1,1,1,1142,195,1046,2383,32592,424,33016,35399,34353
"2022-06-08","杨浦区",0,0,0,1,0,0,1,1,1,1142,195,1046,2383,32593,424,33017,35400,34354
"2022-06-09","杨浦区",0,0,0,0,0,0,0,0,0,1142,195,1046,2383,32593,424,33017,35400,34354
"2022-06-10","杨浦区",0,0,0,0,0,0,0,0,0,1142,195,1046,2383,32593,424,33017,35400,34354
"2022-06-11","杨浦区",0,0,0,2,0,0,2,2,2,1142,195,1046,2383,32595,424,33019,35402,34356
"2022-06-12","杨浦区",3,0,0,0,0,3,0,3,3,1145,195,1046,2386,32595,424,33019,35405,34359
"2022-06-13","杨浦区",0,0,0,1,0,0,1,1,1,1145,195,1046,2386,32596,424,33020,35406,34360
"2022-06-14","杨浦区",0,1,1,0,0,2,0,2,1,1145,196,1047,2388,32596,424,33020,35408,34361
"2022-06-15","杨浦区",1,1,0,2,0,2,2,4,4,1146,197,1047,2390,32598,424,33022,35412,34365
"2022-06-16","杨浦区",0,0,0,0,0,0,0,0,0,1146,197,1047,2390,32598,424,33022,35412,34365
"2022-06-17","杨浦区",0,0,0,0,0,0,0,0,0,1146,197,1047,2390,32598,424,33022,35412,34365
"2022-06-18","杨浦区",0,0,0,0,0,0,0,0,0,1146,197,1047,2390,32598,424,33022,35412,34365
"2022-06-19","杨浦区",0,0,0,0,0,0,0,0,0,1146,197,1047,2390,32598,424,33022,35412,34365
"2022-06-20","杨浦区",0,0,0,0,0,0,0,0,0,1146,197,1047,2390,32598,424,33022,35412,34365
"2022-06-21","杨浦区",0,0,0,0,0,0,0,0,0,1146,197,1047,2390,32598,424,33022,35412,34365
"2022-06-22","杨浦区",0,0,0,0,0,0,0,0,0,1146,197,1047,2390,32598,424,33022,35412,34365
"2022-06-23","杨浦区",0,0,0,0,0,0,0,0,0,1146,197,1047,2390,32598,424,33022,35412,34365
"2022-06-24","杨浦区",0,0,0,0,0,0,0,0,0,1146,197,1047,2390,32598,424,33022,35412,34365
"2022-06-25","杨浦区",0,0,0,0,0,0,0,0,0,1146,197,1047,2390,32598,424,33022,35412,34365
"2022-06-26","杨浦区",0,0,0,0,0,0,0,0,0,1146,197,1047,2390,32598,424,33022,35412,34365
"2022-06-27","杨浦区",0,0,0,0,0,0,0,0,0,1146,197,1047,2390,32598,424,33022,35412,34365
"2022-06-28","杨浦区",0,0,0,0,0,0,0,0,0,1146,197,1047,2390,32598,424,33022,35412,34365
"2022-06-29","杨浦区",0,0,0,0,0,0,0,0,0,1146,197,1047,2390,32598,424,33022,35412,34365
"2022-06-30","杨浦区",0,0,0,0,0,0,0,0,0,1146,197,1047,2390,32598,424,33022,35412,34365
"2022-07-01","杨浦区",0,0,0,0,0,0,0,0,0,1146,197,1047,2390,32598,424,33022,35412,34365
"2022-07-02","杨浦区",0,0,0,0,0,0,0,0,0,1146,197,1047,2390,32598,424,33022,35412,34365
"2022-07-03","杨浦区",0,0,0,0,0,0,0,0,0,1146,197,1047,2390,32598,424,33022,35412,34365
"2022-07-04","杨浦区",0,0,0,0,0,0,0,0,0,1146,197,1047,2390,32598,424,33022,35412,34365
"2022-07-05","杨浦区",0,0,0,1,0,0,1,1,1,1146,197,1047,2390,32599,424,33023,35413,34366
"2022-07-06","杨浦区",4,0,0,0,0,4,0,4,4,1150,197,1047,2394,32599,424,33023,35417,34370
"2022-07-07","杨浦区",0,0,0,0,0,0,0,0,0,1150,197,1047,2394,32599,424,33023,35417,34370
"2022-07-08","杨浦区",0,0,0,0,0,0,0,0,0,1150,197,1047,2394,32599,424,33023,35417,34370
"2022-07-09","杨浦区",0,0,0,5,0,0,5,5,5,1150,197,1047,2394,32604,424,33028,35422,34375
"2022-07-10","杨浦区",1,0,0,6,0,1,6,7,7,1151,197,1047,2395,32610,424,33034,35429,34382
"2022-03-09","长宁区",0,0,0,0,1,0,1,1,1,0,0,0,0,0,1,1,1,1
"2022-03-10","长宁区",0,0,0,1,0,0,1,1,1,0,0,0,0,1,1,2,2,2
"2022-03-11","长宁区",0,0,0,1,0,0,1,1,1,0,0,0,0,2,1,3,3,3
"2022-03-12","长宁区",0,0,0,1,2,0,3,3,3,0,0,0,0,3,3,6,6,6
"2022-03-13","长宁区",1,1,0,2,0,2,2,4,4,1,1,0,2,5,3,8,10,10
"2022-03-14","长宁区",0,0,0,1,0,0,1,1,1,1,1,0,2,6,3,9,11,11
"2022-03-15","长宁区",0,0,0,3,1,0,4,4,4,1,1,0,2,9,4,13,15,15
"2022-03-16","长宁区",0,0,0,4,0,0,4,4,4,1,1,0,2,13,4,17,19,19
"2022-03-17","长宁区",0,0,0,0,1,0,1,1,1,1,1,0,2,13,5,18,20,20
"2022-03-18","长宁区",0,0,0,2,5,0,7,7,7,1,1,0,2,15,10,25,27,27
"2022-03-19","长宁区",0,0,0,0,12,0,12,12,12,1,1,0,2,15,22,37,39,39
"2022-03-20","长宁区",0,1,0,11,1,1,12,13,13,1,2,0,3,26,23,49,52,52
"2022-03-21","长宁区",0,0,0,23,3,0,26,26,26,1,2,0,3,49,26,75,78,78
"2022-03-22","长宁区",0,0,0,16,3,0,19,19,19,1,2,0,3,65,29,94,97,97
"2022-03-23","长宁区",0,0,0,9,2,0,11,11,11,1,2,0,3,74,31,105,108,108
"2022-03-24","长宁区",0,0,0,48,11,0,59,59,59,1,2,0,3,122,42,164,167,167
"2022-03-25","长宁区",0,0,0,2,2,0,4,4,4,1,2,0,3,124,44,168,171,171
"2022-03-26","长宁区",0,2,0,20,7,2,27,29,29,1,4,0,5,144,51,195,200,200
"2022-03-27","长宁区",0,0,0,41,4,0,45,45,45,1,4,0,5,185,55,240,245,245
"2022-03-28","长宁区",0,7,0,99,9,7,108,115,115,1,11,0,12,284,64,348,360,360
"2022-03-29","长宁区",1,2,0,27,0,3,27,30,30,2,13,0,15,311,64,375,390,390
"2022-03-30","长宁区",0,2,6,108,12,8,120,128,122,2,15,6,23,419,76,495,518,512
"2022-03-31","长宁区",0,42,1,179,34,43,213,256,255,2,57,7,66,598,110,708,774,767
"2022-04-01","长宁区",0,0,0,32,5,0,37,37,37,2,57,7,66,630,115,745,811,804
"2022-04-02","长宁区",0,3,4,81,12,7,93,100,96,2,60,11,73,711,127,838,911,900
"2022-04-03","长宁区",1,13,0,84,6,14,90,104,104,3,73,11,87,795,133,928,1015,1004
"2022-04-04","长宁区",0,1,0,30,2,1,32,33,33,3,74,11,88,825,135,960,1048,1037
"2022-04-05","长宁区",0,5,1,73,5,6,78,84,83,3,79,12,94,898,140,1038,1132,1120
"2022-04-06","长宁区",0,30,1,305,14,31,319,350,349,3,109,13,125,1203,154,1357,1482,1469
"2022-04-07","长宁区",0,11,18,812,11,29,823,852,834,3,120,31,154,2015,165,2180,2334,2303
"2022-04-08","长宁区",0,9,11,591,3,20,594,614,603,3,129,42,174,2606,168,2774,2948,2906
"2022-04-09","长宁区",6,17,3,716,15,26,731,757,754,9,146,45,200,3322,183,3505,3705,3660
"2022-04-10","长宁区",0,4,1,376,6,5,382,387,386,9,150,46,205,3698,189,3887,4092,4046
"2022-04-11","长宁区",9,5,11,364,4,25,368,393,382,18,155,57,230,4062,193,4255,4485,4428
"2022-04-12","长宁区",68,22,0,1036,7,90,1043,1133,1133,86,177,57,320,5098,200,5298,5618,5561
"2022-04-13","长宁区",94,11,0,841,11,105,852,957,957,180,188,57,425,5939,211,6150,6575,6518
"2022-04-14","长宁区",135,13,0,837,13,148,850,998,998,315,201,57,573,6776,224,7000,7573,7516
"2022-04-15","长宁区",55,43,135,486,33,233,519,752,617,370,244,192,806,7262,257,7519,8325,8133
"2022-04-16","长宁区",113,11,3,566,13,127,579,706,703,483,255,195,933,7828,270,8098,9031,8836
"2022-04-17","长宁区",46,16,0,658,19,62,677,739,739,529,271,195,995,8486,289,8775,9770,9575
"2022-04-18","长宁区",69,15,109,480,7,193,487,680,571,598,286,304,1188,8966,296,9262,10450,10146
"2022-04-19","长宁区",36,4,13,563,2,53,565,618,605,634,290,317,1241,9529,298,9827,11068,10751
"2022-04-20","长宁区",78,35,10,590,13,123,603,726,716,712,325,327,1364,10119,311,10430,11794,11467
"2022-04-21","长宁区",83,1,1,404,7,85,411,496,495,795,326,328,1449,10523,318,10841,12290,11962
"2022-04-22","长宁区",87,1,76,545,4,164,549,713,637,882,327,404,1613,11068,322,11390,13003,12599
"2022-04-23","长宁区",18,0,51,641,17,69,658,727,676,900,327,455,1682,11709,339,12048,13730,13275
"2022-04-24","长宁区",63,2,11,671,2,76,673,749,738,963,329,466,1758,12380,341,12721,14479,14013
"2022-04-25","长宁区",43,0,54,434,3,97,437,534,480,1006,329,520,1855,12814,344,13158,15013,14493
"2022-04-26","长宁区",25,0,39,354,1,64,355,419,380,1031,329,559,1919,13168,345,13513,15432,14873
"2022-04-27","长宁区",9,0,10,170,19,19,189,208,198,1040,329,569,1938,13338,364,13702,15640,15071
"2022-04-28","长宁区",16,0,247,384,0,263,384,647,400,1056,329,816,2201,13722,364,14086,16287,15471
"2022-04-29","长宁区",4,0,54,319,0,58,319,377,323,1060,329,870,2259,14041,364,14405,16664,15794
"2022-04-30","长宁区",1,0,39,141,0,40,141,181,142,1061,329,909,2299,14182,364,14546,16845,15936
"2022-05-01","长宁区",0,0,33,210,0,33,210,243,210,1061,329,942,2332,14392,364,14756,17088,16146
"2022-05-02","长宁区",0,0,4,141,6,4,147,151,147,1061,329,946,2336,14533,370,14903,17239,16293
"2022-05-03","长宁区",2,0,4,92,4,6,96,102,98,1063,329,950,2342,14625,374,14999,17341,16391
"2022-05-04","长宁区",0,0,5,110,6,5,116,121,116,1063,329,955,2347,14735,380,15115,17462,16507
"2022-05-05","长宁区",0,0,1,84,2,1,86,87,86,1063,329,956,2348,14819,382,15201,17549,16593
"2022-05-06","长宁区",1,0,6,64,0,7,64,71,65,1064,329,962,2355,14883,382,15265,17620,16658
"2022-05-07","长宁区",0,0,3,62,0,3,62,65,62,1064,329,965,2358,14945,382,15327,17685,16720
"2022-05-08","长宁区",2,0,5,70,0,7,70,77,72,1066,329,970,2365,15015,382,15397,17762,16792
"2022-05-09","长宁区",0,0,1,52,0,1,52,53,52,1066,329,971,2366,15067,382,15449,17815,16844
"2022-05-10","长宁区",0,0,2,14,0,2,14,16,14,1066,329,973,2368,15081,382,15463,17831,16858
"2022-05-11","长宁区",0,0,1,39,0,1,39,40,39,1066,329,974,2369,15120,382,15502,17871,16897
"2022-05-12","长宁区",0,0,0,59,0,0,59,59,59,1066,329,974,2369,15179,382,15561,17930,16956
"2022-05-13","长宁区",0,0,0,37,0,0,37,37,37,1066,329,974,2369,15216,382,15598,17967,16993
"2022-05-14","长宁区",0,0,2,48,0,2,48,50,48,1066,329,976,2371,15264,382,15646,18017,17041
"2022-05-15","长宁区",0,0,0,15,0,0,15,15,15,1066,329,976,2371,15279,382,15661,18032,17056
"2022-05-16","长宁区",0,0,0,24,0,0,24,24,24,1066,329,976,2371,15303,382,15685,18056,17080
"2022-05-17","长宁区",0,0,2,16,0,2,16,18,16,1066,329,978,2373,15319,382,15701,18074,17096
"2022-05-18","长宁区",0,0,2,17,0,2,17,19,17,1066,329,980,2375,15336,382,15718,18093,17113
"2022-05-19","长宁区",0,0,0,27,0,0,27,27,27,1066,329,980,2375,15363,382,15745,18120,17140
"2022-05-20","长宁区",0,0,0,18,0,0,18,18,18,1066,329,980,2375,15381,382,15763,18138,17158
"2022-05-21","长宁区",0,0,0,15,0,0,15,15,15,1066,329,980,2375,15396,382,15778,18153,17173
"2022-05-22","长宁区",0,0,0,27,0,0,27,27,27,1066,329,980,2375,15423,382,15805,18180,17200
"2022-05-23","长宁区",0,0,2,14,0,2,14,16,14,1066,329,982,2377,15437,382,15819,18196,17214
"2022-05-24","长宁区",0,0,0,26,0,0,26,26,26,1066,329,982,2377,15463,382,15845,18222,17240
"2022-05-25","长宁区",0,0,0,16,0,0,16,16,16,1066,329,982,2377,15479,382,15861,18238,17256
"2022-05-26","长宁区",0,0,0,8,0,0,8,8,8,1066,329,982,2377,15487,382,15869,18246,17264
"2022-05-27","长宁区",0,0,0,5,0,0,5,5,5,1066,329,982,2377,15492,382,15874,18251,17269
"2022-05-28","长宁区",1,0,1,6,0,2,6,8,7,1067,329,983,2379,15498,382,15880,18259,17276
"2022-05-29","长宁区",0,0,0,1,0,0,1,1,1,1067,329,983,2379,15499,382,15881,18260,17277
"2022-05-30","长宁区",0,0,0,1,0,0,1,1,1,1067,329,983,2379,15500,382,15882,18261,17278
"2022-05-31","长宁区",0,0,0,2,0,0,2,2,2,1067,329,983,2379,15502,382,15884,18263,17280
"2022-06-01","长宁区",0,0,0,1,0,0,1,1,1,1067,329,983,2379,15503,382,15885,18264,17281
"2022-06-02","长宁区",0,0,0,1,0,0,1,1,1,1067,329,983,2379,15504,382,15886,18265,17282
"2022-06-03","长宁区",0,0,0,0,0,0,0,0,0,1067,329,983,2379,15504,382,15886,18265,17282
"2022-06-04","长宁区",0,0,0,0,0,0,0,0,0,1067,329,983,2379,15504,382,15886,18265,17282
"2022-06-05","长宁区",0,0,0,0,0,0,0,0,0,1067,329,983,2379,15504,382,15886,18265,17282
"2022-06-06","长宁区",0,0,0,1,0,0,1,1,1,1067,329,983,2379,15505,382,15887,18266,17283
"2022-06-07","长宁区",0,0,0,0,0,0,0,0,0,1067,329,983,2379,15505,382,15887,18266,17283
"2022-06-08","长宁区",0,0,0,0,0,0,0,0,0,1067,329,983,2379,15505,382,15887,18266,17283
"2022-06-09","长宁区",0,0,0,2,0,0,2,2,2,1067,329,983,2379,15507,382,15889,18268,17285
"2022-06-10","长宁区",0,0,0,1,0,0,1,1,1,1067,329,983,2379,15508,382,15890,18269,17286
"2022-06-11","长宁区",0,0,0,0,0,0,0,0,0,1067,329,983,2379,15508,382,15890,18269,17286
"2022-06-12","长宁区",0,0,1,0,0,1,0,1,0,1067,329,984,2380,15508,382,15890,18270,17286
"2022-06-13","长宁区",0,0,0,0,0,0,0,0,0,1067,329,984,2380,15508,382,15890,18270,17286
"2022-06-14","长宁区",0,0,0,0,0,0,0,0,0,1067,329,984,2380,15508,382,15890,18270,17286
"2022-06-15","长宁区",0,0,0,0,0,0,0,0,0,1067,329,984,2380,15508,382,15890,18270,17286
"2022-06-16","长宁区",0,0,0,0,0,0,0,0,0,1067,329,984,2380,15508,382,15890,18270,17286
"2022-06-17","长宁区",0,0,0,0,0,0,0,0,0,1067,329,984,2380,15508,382,15890,18270,17286
"2022-06-18","长宁区",0,0,0,0,0,0,0,0,0,1067,329,984,2380,15508,382,15890,18270,17286
"2022-06-19","长宁区",0,0,0,0,0,0,0,0,0,1067,329,984,2380,15508,382,15890,18270,17286
"2022-06-20","长宁区",0,0,0,0,0,0,0,0,0,1067,329,984,2380,15508,382,15890,18270,17286
"2022-06-21","长宁区",0,0,0,0,0,0,0,0,0,1067,329,984,2380,15508,382,15890,18270,17286
"2022-06-22","长宁区",0,0,0,0,0,0,0,0,0,1067,329,984,2380,15508,382,15890,18270,17286
"2022-06-23","长宁区",0,0,0,0,0,0,0,0,0,1067,329,984,2380,15508,382,15890,18270,17286
"2022-06-24","长宁区",0,0,0,0,0,0,0,0,0,1067,329,984,2380,15508,382,15890,18270,17286
"2022-06-25","长宁区",0,0,0,0,0,0,0,0,0,1067,329,984,2380,15508,382,15890,18270,17286
"2022-06-26","长宁区",0,0,0,0,0,0,0,0,0,1067,329,984,2380,15508,382,15890,18270,17286
"2022-06-27","长宁区",0,0,0,0,0,0,0,0,0,1067,329,984,2380,15508,382,15890,18270,17286
"2022-06-28","长宁区",0,0,0,0,0,0,0,0,0,1067,329,984,2380,15508,382,15890,18270,17286
"2022-06-29","长宁区",0,0,0,0,0,0,0,0,0,1067,329,984,2380,15508,382,15890,18270,17286
"2022-06-30","长宁区",0,0,0,0,0,0,0,0,0,1067,329,984,2380,15508,382,15890,18270,17286
"2022-07-01","长宁区",0,0,0,0,0,0,0,0,0,1067,329,984,2380,15508,382,15890,18270,17286
"2022-07-02","长宁区",0,0,0,0,0,0,0,0,0,1067,329,984,2380,15508,382,15890,18270,17286
"2022-07-03","长宁区",0,0,0,0,0,0,0,0,0,1067,329,984,2380,15508,382,15890,18270,17286
"2022-07-04","长宁区",0,0,0,0,0,0,0,0,0,1067,329,984,2380,15508,382,15890,18270,17286
"2022-07-05","长宁区",0,0,0,0,0,0,0,0,0,1067,329,984,2380,15508,382,15890,18270,17286
"2022-07-06","长宁区",2,0,0,0,0,2,0,2,2,1069,329,984,2382,15508,382,15890,18272,17288
"2022-07-07","长宁区",0,0,0,5,0,0,5,5,5,1069,329,984,2382,15513,382,15895,18277,17293
"2022-07-08","长宁区",0,0,0,0,0,0,0,0,0,1069,329,984,2382,15513,382,15895,18277,17293
"2022-07-09","长宁区",0,0,0,0,0,0,0,0,0,1069,329,984,2382,15513,382,15895,18277,17293
"2022-07-10","长宁区",0,0,0,0,0,0,0,0,0,1069,329,984,2382,15513,382,15895,18277,17293
