"date","district","case_isolation","case_screen","case_asym","asym_isolation","asym_screen","case","asym","pos","cum_case_isolation","cum_case_screen","cum_case_asym","cum_case","cum_asym_isolation","cum_asym_screen","cum_asym","cum_pos"
"2022-03-09","宝山区",0,0,0,2,0,0,2,2,0,0,0,0,2,0,2,2
"2022-03-10","宝山区",0,0,0,10,0,0,10,10,0,0,0,0,12,0,12,12
"2022-03-11","宝山区",1,1,0,6,1,2,7,9,1,1,0,2,18,1,19,21
"2022-03-12","宝山区",0,0,0,3,0,0,3,3,1,1,0,2,21,1,22,24
"2022-03-13","宝山区",0,0,0,3,0,0,3,3,1,1,0,2,24,1,25,27
"2022-03-14","宝山区",0,0,0,1,1,0,2,2,1,1,0,2,25,2,27,29
"2022-03-15","宝山区",0,0,0,7,4,0,11,11,1,1,0,2,32,6,38,40
"2022-03-16","宝山区",0,0,0,7,3,0,10,10,1,1,0,2,39,9,48,50
"2022-03-17","宝山区",0,5,0,2,7,5,9,14,1,6,0,7,41,16,57,64
"2022-03-18","宝山区",1,0,0,17,9,1,26,27,2,6,0,8,58,25,83,91
"2022-03-19","宝山区",1,0,0,13,3,1,16,17,3,6,0,9,71,28,99,108
"2022-03-20","宝山区",0,0,0,11,2,0,13,13,3,6,0,9,82,30,112,121
"2022-03-21","宝山区",0,0,0,61,6,0,67,67,3,6,0,9,143,36,179,188
"2022-03-22","宝山区",0,0,0,11,5,0,16,16,3,6,0,9,154,41,195,204
"2022-03-23","宝山区",0,0,0,52,17,0,69,69,3,6,0,9,206,58,264,273
"2022-03-24","宝山区",0,3,0,83,1,3,84,87,3,9,0,12,289,59,348,360
"2022-03-25","宝山区",0,0,0,3,1,0,4,4,3,9,0,12,292,60,352,364
"2022-03-26","宝山区",1,5,0,128,19,6,147,153,4,14,0,18,420,79,499,517
"2022-03-27","宝山区",0,5,0,74,15,5,89,94,4,19,0,23,494,94,588,611
"2022-03-28","宝山区",1,7,0,291,12,8,303,311,5,26,0,31,785,106,891,922
"2022-03-29","宝山区",1,30,2,270,60,33,330,363,6,56,2,64,1055,166,1221,1285
"2022-03-30","宝山区",0,1,0,485,18,1,503,504,6,57,2,65,1540,184,1724,1789
"2022-03-31","宝山区",0,4,0,5,8,4,13,17,6,61,2,69,1545,192,1737,1806
"2022-04-01","宝山区",0,9,1,16,19,10,35,45,6,70,3,79,1561,211,1772,1851
"2022-04-02","宝山区",1,28,6,396,54,35,450,485,7,98,9,114,1957,265,2222,2336
"2022-04-03","宝山区",1,22,9,371,64,32,435,467,8,120,18,146,2328,329,2657,2803
"2022-04-04","宝山区",0,1,0,262,2,1,264,265,8,121,18,147,2590,331,2921,3068
"2022-04-05","宝山区",1,5,1,533,14,7,547,554,9,126,19,154,3123,345,3468,3622
"2022-04-06","宝山区",0,9,0,634,17,9,651,660,9,135,19,163,3757,362,4119,4282
"2022-04-07","宝山区",0,4,5,401,4,9,405,414,9,139,24,172,4158,366,4524,4696
"2022-04-08","宝山区",1,6,22,2777,15,29,2792,2821,10,145,46,201,6935,381,7316,7517
"2022-04-09","宝山区",2,23,11,2211,14,36,2225,2261,12,168,57,237,9146,395,9541,9778
"2022-04-10","宝山区",3,16,2,1804,14,21,1818,1839,15,184,59,258,10950,409,11359,11617
"2022-04-11","宝山区",0,3,44,968,9,47,977,1024,15,187,103,305,11918,418,12336,12641
"2022-04-12","宝山区",2,14,0,265,14,16,279,295,17,201,103,321,12183,432,12615,12936
"2022-04-13","宝山区",1,11,1,632,6,13,638,651,18,212,104,334,12815,438,13253,13587
"2022-04-14","宝山区",29,19,2,366,1,50,367,417,47,231,106,384,13181,439,13620,14004
"2022-04-15","宝山区",18,3,53,1248,1,74,1249,1323,65,234,159,458,14429,440,14869,15327
"2022-04-16","宝山区",40,7,4,1235,7,51,1242,1293,105,241,163,509,15664,447,16111,16620
"2022-04-17","宝山区",70,7,8,1361,4,85,1365,1450,175,248,171,594,17025,451,17476,18070
"2022-03-17","崇明区",0,0,0,0,3,0,3,3,0,0,0,0,0,3,3,3
"2022-03-19","崇明区",1,0,0,22,0,1,22,23,1,0,0,1,22,3,25,26
"2022-03-20","崇明区",0,0,0,12,0,0,12,12,1,0,0,1,34,3,37,38
"2022-03-21","崇明区",1,1,0,34,4,2,38,40,2,1,0,3,68,7,75,78
"2022-03-22","崇明区",0,0,0,19,0,0,19,19,2,1,0,3,87,7,94,97
"2022-03-23","崇明区",0,0,0,52,2,0,54,54,2,1,0,3,139,9,148,151
"2022-03-24","崇明区",0,0,0,82,0,0,82,82,2,1,0,3,221,9,230,233
"2022-03-25","崇明区",0,0,0,41,0,0,41,41,2,1,0,3,262,9,271,274
"2022-03-26","崇明区",0,0,0,26,1,0,27,27,2,1,0,3,288,10,298,301
"2022-03-27","崇明区",0,0,0,236,0,0,236,236,2,1,0,3,524,10,534,537
"2022-03-28","崇明区",0,0,0,67,0,0,67,67,2,1,0,3,591,10,601,604
"2022-03-29","崇明区",0,1,0,53,1,1,54,55,2,2,0,4,644,11,655,659
"2022-03-30","崇明区",0,0,0,191,2,0,193,193,2,2,0,4,835,13,848,852
"2022-03-31","崇明区",0,1,0,27,16,1,43,44,2,3,0,5,862,29,891,896
"2022-04-01","崇明区",0,1,0,83,0,1,83,84,2,4,0,6,945,29,974,980
"2022-04-02","崇明区",0,0,3,110,0,3,110,113,2,4,3,9,1055,29,1084,1093
"2022-04-03","崇明区",0,1,0,163,1,1,164,165,2,5,3,10,1218,30,1248,1258
"2022-04-04","崇明区",0,0,0,47,0,0,47,47,2,5,3,10,1265,30,1295,1305
"2022-04-05","崇明区",0,0,2,76,1,2,77,79,2,5,5,12,1341,31,1372,1384
"2022-04-06","崇明区",0,0,0,62,1,0,63,63,2,5,5,12,1403,32,1435,1447
"2022-04-07","崇明区",0,0,2,259,1,2,260,262,2,5,7,14,1662,33,1695,1709
"2022-04-08","崇明区",0,2,1,165,2,3,167,170,2,7,8,17,1827,35,1862,1879
"2022-04-09","崇明区",2,1,1,167,0,4,167,171,4,8,9,21,1994,35,2029,2050
"2022-04-10","崇明区",0,0,0,53,2,0,55,55,4,8,9,21,2047,37,2084,2105
"2022-04-11","崇明区",3,0,3,50,1,6,51,57,7,8,12,27,2097,38,2135,2162
"2022-04-12","崇明区",16,13,0,51,6,29,57,86,23,21,12,56,2148,44,2192,2248
"2022-04-13","崇明区",6,1,0,47,9,7,56,63,29,22,12,63,2195,53,2248,2311
"2022-04-14","崇明区",25,3,1,29,2,29,31,60,54,25,13,92,2224,55,2279,2371
"2022-04-15","崇明区",48,1,2,34,7,51,41,92,102,26,15,143,2258,62,2320,2463
"2022-04-16","崇明区",7,3,3,19,17,13,36,49,109,29,18,156,2277,79,2356,2512
"2022-04-17","崇明区",8,1,0,22,21,9,43,52,117,30,18,165,2299,100,2399,2564
"2022-03-09","奉贤区",0,0,0,1,0,0,1,1,0,0,0,0,1,0,1,1
"2022-03-11","奉贤区",0,0,0,0,1,0,1,1,0,0,0,0,1,1,2,2
"2022-03-13","奉贤区",0,1,0,1,0,1,1,2,0,1,0,1,2,1,3,4
"2022-03-14","奉贤区",0,0,0,2,1,0,3,3,0,1,0,1,4,2,6,7
"2022-03-15","奉贤区",1,0,0,4,0,1,4,5,1,1,0,2,8,2,10,12
"2022-03-16","奉贤区",0,0,0,2,0,0,2,2,1,1,0,2,10,2,12,14
"2022-03-17","奉贤区",0,0,0,1,1,0,2,2,1,1,0,2,11,3,14,16
"2022-03-18","奉贤区",0,0,0,1,6,0,7,7,1,1,0,2,12,9,21,23
"2022-03-19","奉贤区",0,0,0,4,2,0,6,6,1,1,0,2,16,11,27,29
"2022-03-20","奉贤区",0,0,0,12,1,0,13,13,1,1,0,2,28,12,40,42
"2022-03-21","奉贤区",1,0,0,18,3,1,21,22,2,1,0,3,46,15,61,64
"2022-03-22","奉贤区",0,0,0,7,1,0,8,8,2,1,0,3,53,16,69,72
"2022-03-23","奉贤区",1,0,0,11,0,1,11,12,3,1,0,4,64,16,80,84
"2022-03-24","奉贤区",0,0,0,18,6,0,24,24,3,1,0,4,82,22,104,108
"2022-03-26","奉贤区",0,0,0,81,3,0,84,84,3,1,0,4,163,25,188,192
"2022-03-27","奉贤区",0,0,0,40,5,0,45,45,3,1,0,4,203,30,233,237
"2022-03-28","奉贤区",0,0,0,100,15,0,115,115,3,1,0,4,303,45,348,352
"2022-03-29","奉贤区",0,1,0,77,18,1,95,96,3,2,0,5,380,63,443,448
"2022-03-30","奉贤区",0,4,3,63,60,7,123,130,3,6,3,12,443,123,566,578
"2022-03-31","奉贤区",0,5,0,173,5,5,178,183,3,11,3,17,616,128,744,761
"2022-04-01","奉贤区",0,2,0,156,3,2,159,161,3,13,3,19,772,131,903,922
"2022-04-02","奉贤区",1,5,2,146,3,8,149,157,4,18,5,27,918,134,1052,1079
"2022-04-03","奉贤区",0,3,1,105,10,4,115,119,4,21,6,31,1023,144,1167,1198
"2022-04-04","奉贤区",0,2,0,60,2,2,62,64,4,23,6,33,1083,146,1229,1262
"2022-04-05","奉贤区",0,2,0,138,4,2,142,144,4,25,6,35,1221,150,1371,1406
"2022-04-06","奉贤区",0,0,0,272,6,0,278,278,4,25,6,35,1493,156,1649,1684
"2022-04-07","奉贤区",26,1,4,60,1,31,61,92,30,26,10,66,1553,157,1710,1776
"2022-04-08","奉贤区",0,1,11,83,2,12,85,97,30,27,21,78,1636,159,1795,1873
"2022-04-09","奉贤区",0,1,12,106,5,13,111,124,30,28,33,91,1742,164,1906,1997
"2022-04-10","奉贤区",8,3,0,23,4,11,27,38,38,31,33,102,1765,168,1933,2035
"2022-04-11","奉贤区",0,0,4,64,0,4,64,68,38,31,37,106,1829,168,1997,2103
"2022-04-12","奉贤区",0,1,0,30,2,1,32,33,38,32,37,107,1859,170,2029,2136
"2022-04-13","奉贤区",1,1,0,79,2,2,81,83,39,33,37,109,1938,172,2110,2219
"2022-04-14","奉贤区",17,2,1,13,2,20,15,35,56,35,38,129,1951,174,2125,2254
"2022-04-15","奉贤区",21,2,0,81,2,23,83,106,77,37,38,152,2032,176,2208,2360
"2022-04-16","奉贤区",20,0,3,27,1,23,28,51,97,37,41,175,2059,177,2236,2411
"2022-04-17","奉贤区",1,0,0,14,5,1,19,20,98,37,41,176,2073,182,2255,2431
"2022-03-09","虹口区",1,0,0,0,3,1,3,4,1,0,0,1,0,3,3,4
"2022-03-10","虹口区",2,0,0,4,0,2,4,6,3,0,0,3,4,3,7,10
"2022-03-11","虹口区",0,0,0,2,0,0,2,2,3,0,0,3,6,3,9,12
"2022-03-13","虹口区",0,1,0,2,2,1,4,5,3,1,0,4,8,5,13,17
"2022-03-14","虹口区",1,0,0,1,2,1,3,4,4,1,0,5,9,7,16,21
"2022-03-15","虹口区",0,0,0,5,1,0,6,6,4,1,0,5,14,8,22,27
"2022-03-16","虹口区",0,0,0,7,3,0,10,10,4,1,0,5,21,11,32,37
"2022-03-17","虹口区",0,1,0,5,1,1,6,7,4,2,0,6,26,12,38,44
"2022-03-18","虹口区",0,0,0,12,7,0,19,19,4,2,0,6,38,19,57,63
"2022-03-19","虹口区",1,0,0,6,0,1,6,7,5,2,0,7,44,19,63,70
"2022-03-20","虹口区",0,0,0,11,1,0,12,12,5,2,0,7,55,20,75,82
"2022-03-21","虹口区",0,0,0,23,0,0,23,23,5,2,0,7,78,20,98,105
"2022-03-22","虹口区",0,0,0,11,2,0,13,13,5,2,0,7,89,22,111,118
"2022-03-23","虹口区",0,0,0,23,3,0,26,26,5,2,0,7,112,25,137,144
"2022-03-24","虹口区",0,0,0,14,15,0,29,29,5,2,0,7,126,40,166,173
"2022-03-25","虹口区",0,0,0,0,4,0,4,4,5,2,0,7,126,44,170,177
"2022-03-26","虹口区",1,0,0,36,13,1,49,50,6,2,0,8,162,57,219,227
"2022-03-27","虹口区",0,1,0,22,4,1,26,27,6,3,0,9,184,61,245,254
"2022-03-28","虹口区",0,2,2,1,3,4,4,8,6,5,2,13,185,64,249,262
"2022-03-29","虹口区",0,7,0,49,17,7,66,73,6,12,2,20,234,81,315,335
"2022-03-30","虹口区",0,1,0,29,54,1,83,84,6,13,2,21,263,135,398,419
"2022-03-31","虹口区",0,8,0,96,24,8,120,128,6,21,2,29,359,159,518,547
"2022-04-01","虹口区",0,3,0,43,15,3,58,61,6,24,2,32,402,174,576,608
"2022-04-02","虹口区",1,24,5,174,138,30,312,342,7,48,7,62,576,312,888,950
"2022-04-03","虹口区",0,9,2,157,20,11,177,188,7,57,9,73,733,332,1065,1138
"2022-04-04","虹口区",2,3,0,594,9,5,603,608,9,60,9,78,1327,341,1668,1746
"2022-04-05","虹口区",0,7,1,393,9,8,402,410,9,67,10,86,1720,350,2070,2156
"2022-04-06","虹口区",0,1,0,613,54,1,667,668,9,68,10,87,2333,404,2737,2824
"2022-04-07","虹口区",0,8,18,557,11,26,568,594,9,76,28,113,2890,415,3305,3418
"2022-04-08","虹口区",0,2,16,355,5,18,360,378,9,78,44,131,3245,420,3665,3796
"2022-04-09","虹口区",0,5,7,306,31,12,337,349,9,83,51,143,3551,451,4002,4145
"2022-04-10","虹口区",0,6,0,1206,26,6,1232,1238,9,89,51,149,4757,477,5234,5383
"2022-04-11","虹口区",4,14,7,1344,6,25,1350,1375,13,103,58,174,6101,483,6584,6758
"2022-04-12","虹口区",71,12,0,827,21,83,848,931,84,115,58,257,6928,504,7432,7689
"2022-04-13","虹口区",104,16,1,1366,1,121,1367,1488,188,131,59,378,8294,505,8799,9177
"2022-04-14","虹口区",134,40,0,749,7,174,756,930,322,171,59,552,9043,512,9555,10107
"2022-04-15","虹口区",101,1,185,1207,3,287,1210,1497,423,172,244,839,10250,515,10765,11604
"2022-04-16","虹口区",121,36,0,869,1,157,870,1027,544,208,244,996,11119,516,11635,12631
"2022-04-17","虹口区",135,22,109,900,0,266,900,1166,679,230,353,1262,12019,516,12535,13797
"2022-03-09","黄浦区",0,0,0,1,0,0,1,1,0,0,0,0,1,0,1,1
"2022-03-10","黄浦区",0,0,0,1,0,0,1,1,0,0,0,0,2,0,2,2
"2022-03-11","黄浦区",0,0,0,3,2,0,5,5,0,0,0,0,5,2,7,7
"2022-03-12","黄浦区",0,0,0,3,0,0,3,3,0,0,0,0,8,2,10,10
"2022-03-13","黄浦区",0,1,2,7,2,3,9,12,0,1,2,3,15,4,19,22
"2022-03-14","黄浦区",1,1,0,18,3,2,21,23,1,2,2,5,33,7,40,45
"2022-03-15","黄浦区",0,0,0,10,2,0,12,12,1,2,2,5,43,9,52,57
"2022-03-16","黄浦区",0,1,0,6,2,1,8,9,1,3,2,6,49,11,60,66
"2022-03-17","黄浦区",1,7,0,0,12,8,12,20,2,10,2,14,49,23,72,86
"2022-03-18","黄浦区",0,0,0,6,9,0,15,15,2,10,2,14,55,32,87,101
"2022-03-19","黄浦区",0,0,0,25,11,0,36,36,2,10,2,14,80,43,123,137
"2022-03-20","黄浦区",2,0,0,36,4,2,40,42,4,10,2,16,116,47,163,179
"2022-03-21","黄浦区",0,0,0,44,5,0,49,49,4,10,2,16,160,52,212,228
"2022-03-22","黄浦区",0,0,0,57,2,0,59,59,4,10,2,16,217,54,271,287
"2022-03-23","黄浦区",0,0,0,17,3,0,20,20,4,10,2,16,234,57,291,307
"2022-03-24","黄浦区",0,0,0,86,16,0,102,102,4,10,2,16,320,73,393,409
"2022-03-25","黄浦区",0,0,0,12,11,0,23,23,4,10,2,16,332,84,416,432
"2022-03-26","黄浦区",0,0,0,144,16,0,160,160,4,10,2,16,476,100,576,592
"2022-03-27","黄浦区",0,1,0,49,6,1,55,56,4,11,2,17,525,106,631,648
"2022-03-28","黄浦区",0,0,1,266,16,1,282,283,4,11,3,18,791,122,913,931
"2022-03-29","黄浦区",0,6,0,57,47,6,104,110,4,17,3,24,848,169,1017,1041
"2022-03-30","黄浦区",3,13,0,275,70,16,345,361,7,30,3,40,1123,239,1362,1402
"2022-03-31","黄浦区",1,5,1,92,22,7,114,121,8,35,4,47,1215,261,1476,1523
"2022-04-01","黄浦区",0,5,0,238,17,5,255,260,8,40,4,52,1453,278,1731,1783
"2022-04-02","黄浦区",3,21,3,485,147,27,632,659,11,61,7,79,1938,425,2363,2442
"2022-04-03","黄浦区",1,10,3,773,37,14,810,824,12,71,10,93,2711,462,3173,3266
"2022-04-04","黄浦区",1,7,0,933,29,8,962,970,13,78,10,101,3644,491,4135,4236
"2022-04-05","黄浦区",0,13,3,607,35,16,642,658,13,91,13,117,4251,526,4777,4894
"2022-04-06","黄浦区",2,7,0,996,39,9,1035,1044,15,98,13,126,5247,565,5812,5938
"2022-04-07","黄浦区",0,6,8,1321,45,14,1366,1380,15,104,21,140,6568,610,7178,7318
"2022-04-08","黄浦区",0,7,34,2532,34,41,2566,2607,15,111,55,181,9100,644,9744,9925
"2022-04-09","黄浦区",59,31,11,444,3,101,447,548,74,142,66,282,9544,647,10191,10473
"2022-04-10","黄浦区",12,20,4,1564,161,36,1725,1761,86,162,70,318,11108,808,11916,12234
"2022-04-11","黄浦区",87,10,20,2057,49,117,2106,2223,173,172,90,435,13165,857,14022,14457
"2022-04-12","黄浦区",59,14,1,1673,57,74,1730,1804,232,186,91,509,14838,914,15752,16261
"2022-04-13","黄浦区",203,13,11,1147,34,227,1181,1408,435,199,102,736,15985,948,16933,17669
"2022-04-14","黄浦区",258,6,4,1715,30,268,1745,2013,693,205,106,1004,17700,978,18678,19682
"2022-04-15","黄浦区",232,8,6,1120,18,246,1138,1384,925,213,112,1250,18820,996,19816,21066
"2022-04-16","黄浦区",169,13,6,1352,25,188,1377,1565,1094,226,118,1438,20172,1021,21193,22631
"2022-04-17","黄浦区",165,15,6,1655,55,186,1710,1896,1259,241,124,1624,21827,1076,22903,24527
"2022-03-09","嘉定区",0,0,0,16,0,0,16,16,0,0,0,0,16,0,16,16
"2022-03-10","嘉定区",0,1,0,5,0,1,5,6,0,1,0,1,21,0,21,22
"2022-03-11","嘉定区",1,0,0,11,0,1,11,12,1,1,0,2,32,0,32,34
"2022-03-12","嘉定区",0,0,0,3,0,0,3,3,1,1,0,2,35,0,35,37
"2022-03-13","嘉定区",1,4,0,13,1,5,14,19,2,5,0,7,48,1,49,56
"2022-03-14","嘉定区",0,0,0,21,2,0,23,23,2,5,0,7,69,3,72,79
"2022-03-15","嘉定区",0,0,0,14,7,0,21,21,2,5,0,7,83,10,93,100
"2022-03-16","嘉定区",0,4,0,18,19,4,37,41,2,9,0,11,101,29,130,141
"2022-03-17","嘉定区",0,5,0,3,27,5,30,35,2,14,0,16,104,56,160,176
"2022-03-18","嘉定区",0,0,0,11,33,0,44,44,2,14,0,16,115,89,204,220
"2022-03-19","嘉定区",0,0,2,47,32,2,79,81,2,14,2,18,162,121,283,301
"2022-03-20","嘉定区",1,0,0,37,2,1,39,40,3,14,2,19,199,123,322,341
"2022-03-21","嘉定区",5,0,0,96,2,5,98,103,8,14,2,24,295,125,420,444
"2022-03-22","嘉定区",2,0,0,105,4,2,109,111,10,14,2,26,400,129,529,555
"2022-03-23","嘉定区",1,0,0,65,3,1,68,69,11,14,2,27,465,132,597,624
"2022-03-24","嘉定区",0,1,0,127,2,1,129,130,11,15,2,28,592,134,726,754
"2022-03-25","嘉定区",0,0,0,19,0,0,19,19,11,15,2,28,611,134,745,773
"2022-03-26","嘉定区",8,1,0,226,7,9,233,242,19,16,2,37,837,141,978,1015
"2022-03-27","嘉定区",0,3,0,236,12,3,248,251,19,19,2,40,1073,153,1226,1266
"2022-03-28","嘉定区",0,2,0,172,35,2,207,209,19,21,2,42,1245,188,1433,1475
"2022-03-29","嘉定区",0,7,2,233,13,9,246,255,19,28,4,51,1478,201,1679,1730
"2022-03-30","嘉定区",0,8,1,108,41,9,149,158,19,36,5,60,1586,242,1828,1888
"2022-03-31","嘉定区",0,6,1,36,11,7,47,54,19,42,6,67,1622,253,1875,1942
"2022-04-01","嘉定区",2,7,0,164,27,9,191,200,21,49,6,76,1786,280,2066,2142
"2022-04-02","嘉定区",3,18,5,536,55,26,591,617,24,67,11,102,2322,335,2657,2759
"2022-04-03","嘉定区",0,9,5,383,18,14,401,415,24,76,16,116,2705,353,3058,3174
"2022-04-04","嘉定区",1,3,0,229,4,4,233,237,25,79,16,120,2934,357,3291,3411
"2022-04-05","嘉定区",0,5,6,466,4,11,470,481,25,84,22,131,3400,361,3761,3892
"2022-04-06","嘉定区",0,5,1,1375,27,6,1402,1408,25,89,23,137,4775,388,5163,5300
"2022-04-07","嘉定区",0,5,18,905,5,23,910,933,25,94,41,160,5680,393,6073,6233
"2022-04-08","嘉定区",12,3,101,1362,27,116,1389,1505,37,97,142,276,7042,420,7462,7738
"2022-04-09","嘉定区",7,6,8,341,7,21,348,369,44,103,150,297,7383,427,7810,8107
"2022-04-10","嘉定区",45,4,22,1324,10,71,1334,1405,89,107,172,368,8707,437,9144,9512
"2022-04-11","嘉定区",22,12,9,151,14,43,165,208,111,119,181,411,8858,451,9309,9720
"2022-04-12","嘉定区",30,1,11,932,12,42,944,986,141,120,192,453,9790,463,10253,10706
"2022-04-13","嘉定区",42,4,8,663,4,54,667,721,183,124,200,507,10453,467,10920,11427
"2022-04-14","嘉定区",98,4,98,600,3,200,603,803,281,128,298,707,11053,470,11523,12230
"2022-04-15","嘉定区",163,4,6,558,10,173,568,741,444,132,304,880,11611,480,12091,12971
"2022-04-16","嘉定区",73,8,22,577,5,103,582,685,517,140,326,983,12188,485,12673,13656
"2022-04-17","嘉定区",48,4,304,614,8,356,622,978,565,144,630,1339,12802,493,13295,14634
"2022-03-11","金山区",0,0,0,0,4,0,4,4,0,0,0,0,0,4,4,4
"2022-03-12","金山区",0,0,0,4,0,0,4,4,0,0,0,0,4,4,8,8
"2022-03-13","金山区",1,0,0,5,1,1,6,7,1,0,0,1,9,5,14,15
"2022-03-14","金山区",0,0,0,3,1,0,4,4,1,0,0,1,12,6,18,19
"2022-03-15","金山区",0,0,0,7,1,0,8,8,1,0,0,1,19,7,26,27
"2022-03-17","金山区",0,0,0,0,1,0,1,1,1,0,0,1,19,8,27,28
"2022-03-18","金山区",1,1,0,7,8,2,15,17,2,1,0,3,26,16,42,45
"2022-03-19","金山区",0,0,0,3,0,0,3,3,2,1,0,3,29,16,45,48
"2022-03-20","金山区",0,0,0,11,0,0,11,11,2,1,0,3,40,16,56,59
"2022-03-21","金山区",1,0,0,14,1,1,15,16,3,1,0,4,54,17,71,75
"2022-03-22","金山区",0,0,0,4,0,0,4,4,3,1,0,4,58,17,75,79
"2022-03-23","金山区",0,0,0,5,0,0,5,5,3,1,0,4,63,17,80,84
"2022-03-24","金山区",0,0,0,10,2,0,12,12,3,1,0,4,73,19,92,96
"2022-03-25","金山区",0,0,0,1,0,0,1,1,3,1,0,4,74,19,93,97
"2022-03-26","金山区",0,0,0,4,0,0,4,4,3,1,0,4,78,19,97,101
"2022-03-27","金山区",0,0,0,10,3,0,13,13,3,1,0,4,88,22,110,114
"2022-03-28","金山区",0,1,0,17,1,1,18,19,3,2,0,5,105,23,128,133
"2022-03-29","金山区",0,2,0,23,1,2,24,26,3,4,0,7,128,24,152,159
"2022-03-30","金山区",0,0,0,30,3,0,33,33,3,4,0,7,158,27,185,192
"2022-03-31","金山区",0,3,0,38,1,3,39,42,3,7,0,10,196,28,224,234
"2022-04-01","金山区",0,3,0,46,0,3,46,49,3,10,0,13,242,28,270,283
"2022-04-02","金山区",0,0,0,60,0,0,60,60,3,10,0,13,302,28,330,343
"2022-04-03","金山区",0,4,0,92,7,4,99,103,3,14,0,17,394,35,429,446
"2022-04-04","金山区",0,1,0,50,1,1,51,52,3,15,0,18,444,36,480,498
"2022-04-05","金山区",0,1,0,76,0,1,76,77,3,16,0,19,520,36,556,575
"2022-04-06","金山区",0,3,0,74,2,3,76,79,3,19,0,22,594,38,632,654
"2022-04-07","金山区",0,1,71,51,6,72,57,129,3,20,71,94,645,44,689,783
"2022-04-08","金山区",0,2,43,40,5,45,45,90,3,22,114,139,685,49,734,873
"2022-04-09","金山区",20,1,23,21,3,44,24,68,23,23,137,183,706,52,758,941
"2022-04-10","金山区",14,1,0,38,4,15,42,57,37,24,137,198,744,56,800,998
"2022-04-11","金山区",0,0,3,32,3,3,35,38,37,24,140,201,776,59,835,1036
"2022-04-12","金山区",2,1,0,34,2,3,36,39,39,25,140,204,810,61,871,1075
"2022-04-13","金山区",12,0,0,22,0,12,22,34,51,25,140,216,832,61,893,1109
"2022-04-14","金山区",21,2,0,5,0,23,5,28,72,27,140,239,837,61,898,1137
"2022-04-15","金山区",21,0,0,10,0,21,10,31,93,27,140,260,847,61,908,1168
"2022-04-16","金山区",4,0,5,12,0,9,12,21,97,27,145,269,859,61,920,1189
"2022-04-17","金山区",4,0,1,18,1,5,19,24,101,27,146,274,877,62,939,1213
"2022-03-09","静安区",1,0,0,2,1,1,3,4,1,0,0,1,2,1,3,4
"2022-03-10","静安区",0,0,0,1,1,0,2,2,1,0,0,1,3,2,5,6
"2022-03-11","静安区",0,0,0,3,1,0,4,4,1,0,0,1,6,3,9,10
"2022-03-12","静安区",0,0,0,2,0,0,2,2,1,0,0,1,8,3,11,12
"2022-03-13","静安区",0,5,1,3,1,6,4,10,1,5,1,7,11,4,15,22
"2022-03-14","静安区",0,0,0,5,1,0,6,6,1,5,1,7,16,5,21,28
"2022-03-15","静安区",0,0,0,9,1,0,10,10,1,5,1,7,25,6,31,38
"2022-03-16","静安区",0,0,0,0,3,0,3,3,1,5,1,7,25,9,34,41
"2022-03-17","静安区",0,1,0,0,3,1,3,4,1,6,1,8,25,12,37,45
"2022-03-18","静安区",0,0,0,8,4,0,12,12,1,6,1,8,33,16,49,57
"2022-03-19","静安区",0,0,0,5,10,0,15,15,1,6,1,8,38,26,64,72
"2022-03-20","静安区",0,0,0,31,1,0,32,32,1,6,1,8,69,27,96,104
"2022-03-21","静安区",0,0,0,38,6,0,44,44,1,6,1,8,107,33,140,148
"2022-03-22","静安区",0,0,0,25,3,0,28,28,1,6,1,8,132,36,168,176
"2022-03-23","静安区",0,0,0,46,2,0,48,48,1,6,1,8,178,38,216,224
"2022-03-24","静安区",1,7,0,58,4,8,62,70,2,13,1,16,236,42,278,294
"2022-03-25","静安区",0,0,0,2,0,0,2,2,2,13,1,16,238,42,280,296
"2022-03-26","静安区",1,2,0,99,6,3,105,108,3,15,1,19,337,48,385,404
"2022-03-27","静安区",0,5,0,61,4,5,65,70,3,20,1,24,398,52,450,474
"2022-03-28","静安区",0,3,7,90,4,10,94,104,3,23,8,34,488,56,544,578
"2022-03-29","静安区",0,7,1,156,11,8,167,175,3,30,9,42,644,67,711,753
"2022-03-30","静安区",1,7,0,78,16,8,94,102,4,37,9,50,722,83,805,855
"2022-03-31","静安区",1,3,0,147,13,4,160,164,5,40,9,54,869,96,965,1019
"2022-04-01","静安区",0,11,0,147,31,11,178,189,5,51,9,65,1016,127,1143,1208
"2022-04-02","静安区",0,24,2,261,37,26,298,324,5,75,11,91,1277,164,1441,1532
"2022-04-03","静安区",1,25,3,264,45,29,309,338,6,100,14,120,1541,209,1750,1870
"2022-04-04","静安区",0,1,0,44,5,1,49,50,6,101,14,121,1585,214,1799,1920
"2022-04-05","静安区",0,11,1,273,17,12,290,302,6,112,15,133,1858,231,2089,2222
"2022-04-06","静安区",1,25,1,501,17,27,518,545,7,137,16,160,2359,248,2607,2767
"2022-04-07","静安区",0,5,17,352,7,22,359,381,7,142,33,182,2711,255,2966,3148
"2022-04-08","静安区",2,23,17,598,25,42,623,665,9,165,50,224,3309,280,3589,3813
"2022-04-09","静安区",3,21,1,559,18,25,577,602,12,186,51,249,3868,298,4166,4415
"2022-04-10","静安区",0,27,2,560,14,29,574,603,12,213,53,278,4428,312,4740,5018
"2022-04-11","静安区",0,9,11,517,15,20,532,552,12,222,64,298,4945,327,5272,5570
"2022-04-12","静安区",27,46,2,913,68,75,981,1056,39,268,66,373,5858,395,6253,6626
"2022-04-13","静安区",36,13,0,160,11,49,171,220,75,281,66,422,6018,406,6424,6846
"2022-04-14","静安区",61,9,0,184,12,70,196,266,136,290,66,492,6202,418,6620,7112
"2022-04-15","静安区",82,9,1,322,19,92,341,433,218,299,67,584,6524,437,6961,7545
"2022-04-16","静安区",125,18,0,986,5,143,991,1134,343,317,67,727,7510,442,7952,8679
"2022-04-17","静安区",114,10,3,710,5,127,715,842,457,327,70,854,8220,447,8667,9521
"2022-03-09","闵行区",1,0,0,21,3,1,24,25,1,0,0,1,21,3,24,25
"2022-03-10","闵行区",0,2,0,12,0,2,12,14,1,2,0,3,33,3,36,39
"2022-03-11","闵行区",0,0,0,12,5,0,17,17,1,2,0,3,45,8,53,56
"2022-03-12","闵行区",1,0,0,10,0,1,10,11,2,2,0,4,55,8,63,67
"2022-03-13","闵行区",3,3,3,15,5,9,20,29,5,5,3,13,70,13,83,96
"2022-03-14","闵行区",1,1,0,19,5,2,24,26,6,6,3,15,89,18,107,122
"2022-03-15","闵行区",0,0,1,17,13,1,30,31,6,6,4,16,106,31,137,153
"2022-03-16","闵行区",1,0,0,7,10,1,17,18,7,6,4,17,113,41,154,171
"2022-03-17","闵行区",1,3,0,64,14,4,78,82,8,9,4,21,177,55,232,253
"2022-03-18","闵行区",1,0,0,36,22,1,58,59,9,9,4,22,213,77,290,312
"2022-03-19","闵行区",0,0,4,1,48,4,49,53,9,9,8,26,214,125,339,365
"2022-03-20","闵行区",18,0,0,218,29,18,247,265,27,9,8,44,432,154,586,630
"2022-03-21","闵行区",10,0,0,103,9,10,112,122,37,9,8,54,535,163,698,752
"2022-03-22","闵行区",0,0,0,285,20,0,305,305,37,9,8,54,820,183,1003,1057
"2022-03-23","闵行区",2,0,0,235,19,2,254,256,39,9,8,56,1055,202,1257,1313
"2022-03-24","闵行区",0,0,0,467,23,0,490,490,39,9,8,56,1522,225,1747,1803
"2022-03-25","闵行区",1,3,0,195,7,4,202,206,40,12,8,60,1717,232,1949,2009
"2022-03-26","闵行区",14,1,0,885,72,15,957,972,54,13,8,75,2602,304,2906,2981
"2022-03-27","闵行区",15,5,0,559,40,20,599,619,69,18,8,95,3161,344,3505,3600
"2022-03-28","闵行区",0,2,7,335,26,9,361,370,69,20,15,104,3496,370,3866,3970
"2022-03-29","闵行区",4,20,5,914,45,29,959,988,73,40,20,133,4410,415,4825,4958
"2022-03-30","闵行区",1,18,0,680,81,19,761,780,74,58,20,152,5090,496,5586,5738
"2022-03-31","闵行区",0,52,7,273,60,59,333,392,74,110,27,211,5363,556,5919,6130
"2022-04-01","闵行区",0,57,0,833,153,57,986,1043,74,167,27,268,6196,709,6905,7173
"2022-04-02","闵行区",0,39,16,692,82,55,774,829,74,206,43,323,6888,791,7679,8002
"2022-04-03","闵行区",0,46,22,812,60,68,872,940,74,252,65,391,7700,851,8551,8942
"2022-04-04","闵行区",1,8,2,1339,31,11,1370,1381,75,260,67,402,9039,882,9921,10323
"2022-04-05","闵行区",0,14,9,2863,51,23,2914,2937,75,274,76,425,11902,933,12835,13260
"2022-04-06","闵行区",0,20,1,2354,34,21,2388,2409,75,294,77,446,14256,967,15223,15669
"2022-04-07","闵行区",1,60,34,2131,31,95,2162,2257,76,354,111,541,16387,998,17385,17926
"2022-04-08","闵行区",0,23,39,2753,39,62,2792,2854,76,377,150,603,19140,1037,20177,20780
"2022-04-09","闵行区",37,31,20,4490,46,88,4536,4624,113,408,170,691,23630,1083,24713,25404
"2022-04-10","闵行区",46,46,10,3047,40,102,3087,3189,159,454,180,793,26677,1123,27800,28593
"2022-04-11","闵行区",12,37,19,2911,28,68,2939,3007,171,491,199,861,29588,1151,30739,31600
"2022-04-12","闵行区",257,20,3,3947,18,280,3965,4245,428,511,202,1141,33535,1169,34704,35845
"2022-04-13","闵行区",295,34,43,2554,13,372,2567,2939,723,545,245,1513,36089,1182,37271,38784
"2022-04-14","闵行区",259,14,1,2095,9,274,2104,2378,982,559,246,1787,38184,1191,39375,41162
"2022-04-15","闵行区",71,32,198,1727,9,301,1736,2037,1053,591,444,2088,39911,1200,41111,43199
"2022-04-16","闵行区",225,16,649,2167,3,890,2170,3060,1278,607,1093,2978,42078,1203,43281,46259
"2022-04-17","闵行区",65,3,38,2275,21,106,2296,2402,1343,610,1131,3084,44353,1224,45577,48661
"2022-03-09","浦东新区",0,1,0,7,1,1,8,9,0,1,0,1,7,1,8,9
"2022-03-10","浦东新区",2,3,0,5,1,5,6,11,2,4,0,6,12,2,14,20
"2022-03-11","浦东新区",0,0,0,9,1,0,10,10,2,4,0,6,21,3,24,30
"2022-03-12","浦东新区",0,0,0,32,2,0,34,34,2,4,0,6,53,5,58,64
"2022-03-13","浦东新区",0,4,1,22,12,5,34,39,2,8,1,11,75,17,92,103
"2022-03-14","浦东新区",0,1,0,13,9,1,22,23,2,9,1,12,88,26,114,126
"2022-03-15","浦东新区",1,1,0,31,9,2,40,42,3,10,1,14,119,35,154,168
"2022-03-16","浦东新区",0,0,0,23,21,0,44,44,3,10,1,14,142,56,198,212
"2022-03-17","浦东新区",0,24,0,5,6,24,11,35,3,34,1,38,147,62,209,247
"2022-03-18","浦东新区",0,2,0,36,29,2,65,67,3,36,1,40,183,91,274,314
"2022-03-19","浦东新区",6,2,0,45,82,8,127,135,9,38,1,48,228,173,401,449
"2022-03-20","浦东新区",1,0,0,189,30,1,219,220,10,38,1,49,417,203,620,669
"2022-03-21","浦东新区",6,0,0,122,41,6,163,169,16,38,1,55,539,244,783,838
"2022-03-22","浦东新区",0,0,0,200,37,0,237,237,16,38,1,55,739,281,1020,1075
"2022-03-23","浦东新区",0,0,0,185,33,0,218,218,16,38,1,55,924,314,1238,1293
"2022-03-24","浦东新区",11,1,0,172,9,12,181,193,27,39,1,67,1096,323,1419,1486
"2022-03-25","浦东新区",2,29,0,1453,430,31,1883,1914,29,68,1,98,2549,753,3302,3400
"2022-03-26","浦东新区",0,1,0,267,55,1,322,323,29,69,1,99,2816,808,3624,3723
"2022-03-27","浦东新区",2,2,0,1003,422,4,1425,1429,31,71,1,103,3819,1230,5049,5152
"2022-03-28","浦东新区",6,33,0,2100,367,39,2467,2506,37,104,1,142,5919,1597,7516,7658
"2022-03-29","浦东新区",4,162,3,1822,192,169,2014,2183,41,266,4,311,7741,1789,9530,9841
"2022-03-30","浦东新区",2,246,1,1660,298,249,1958,2207,43,512,5,560,9401,2087,11488,12048
"2022-03-31","浦东新区",5,173,2,2080,147,180,2227,2407,48,685,7,740,11481,2234,13715,14455
"2022-04-01","浦东新区",2,77,0,2426,79,79,2505,2584,50,762,7,819,13907,2313,16220,17039
"2022-04-02","浦东新区",4,95,9,1825,105,108,1930,2038,54,857,16,927,15732,2418,18150,19077
"2022-04-03","浦东新区",3,126,11,3308,206,140,3514,3654,57,983,27,1067,19040,2624,21664,22731
"2022-04-04","浦东新区",6,197,2,6518,348,205,6866,7071,63,1180,29,1272,25558,2972,28530,29802
"2022-04-05","浦东新区",1,155,6,7752,231,162,7983,8145,64,1335,35,1434,33310,3203,36513,37947
"2022-04-06","浦东新区",4,139,8,7955,351,151,8306,8457,68,1474,43,1585,41265,3554,44819,46404
"2022-04-07","浦东新区",1,251,55,8319,424,307,8743,9050,69,1725,98,1892,49584,3978,53562,55454
"2022-04-08","浦东新区",133,172,43,6622,316,348,6938,7286,202,1897,141,2240,56206,4294,60500,62740
"2022-04-09","浦东新区",92,380,45,10312,301,517,10613,11130,294,2277,186,2757,66518,4595,71113,73870
"2022-04-10","浦东新区",82,127,3,6169,351,212,6520,6732,376,2404,189,2969,72687,4946,77633,80602
"2022-04-11","浦东新区",286,144,63,7537,276,493,7813,8306,662,2548,252,3462,80224,5222,85446,88908
"2022-04-12","浦东新区",86,104,2,10539,318,192,10857,11049,748,2652,254,3654,90763,5540,96303,99957
"2022-04-13","浦东新区",1024,114,1,13448,440,1139,13888,15027,1772,2766,255,4793,104211,5980,110191,114984
"2022-04-14","浦东新区",1015,159,78,10193,211,1252,10404,11656,2787,2925,333,6045,114404,6191,120595,126640
"2022-04-15","浦东新区",924,200,18,8811,329,1142,9140,10282,3711,3125,351,7187,123215,6520,129735,136922
"2022-04-16","浦东新区",390,136,476,9499,290,1002,9789,10791,4101,3261,827,8189,132714,6810,139524,147713
"2022-04-17","浦东新区",459,40,22,7029,190,521,7219,7740,4560,3301,849,8710,139743,7000,146743,155453
"2022-03-09","普陀区",0,0,0,0,1,0,1,1,0,0,0,0,0,1,1,1
"2022-03-10","普陀区",0,0,0,4,0,0,4,4,0,0,0,0,4,1,5,5
"2022-03-13","普陀区",0,1,0,2,3,1,5,6,0,1,0,1,6,4,10,11
"2022-03-15","普陀区",0,0,0,5,4,0,9,9,0,1,0,1,11,8,19,20
"2022-03-16","普陀区",0,0,0,2,1,0,3,3,0,1,0,1,13,9,22,23
"2022-03-17","普陀区",0,1,0,3,3,1,6,7,0,2,0,2,16,12,28,30
"2022-03-18","普陀区",0,0,0,14,9,0,23,23,0,2,0,2,30,21,51,53
"2022-03-19","普陀区",0,0,0,17,8,0,25,25,0,2,0,2,47,29,76,78
"2022-03-20","普陀区",0,0,0,17,1,0,18,18,0,2,0,2,64,30,94,96
"2022-03-21","普陀区",1,0,0,23,7,1,30,31,1,2,0,3,87,37,124,127
"2022-03-22","普陀区",0,0,0,17,4,0,21,21,1,2,0,3,104,41,145,148
"2022-03-23","普陀区",0,0,0,30,4,0,34,34,1,2,0,3,134,45,179,182
"2022-03-24","普陀区",0,2,0,34,2,2,36,38,1,4,0,5,168,47,215,220
"2022-03-25","普陀区",0,1,0,6,2,1,8,9,1,5,0,6,174,49,223,229
"2022-03-26","普陀区",0,1,0,53,15,1,68,69,1,6,0,7,227,64,291,298
"2022-03-27","普陀区",0,4,0,49,17,4,66,70,1,10,0,11,276,81,357,368
"2022-03-28","普陀区",0,2,1,53,25,3,78,81,1,12,1,14,329,106,435,449
"2022-03-29","普陀区",0,5,1,99,8,6,107,113,1,17,2,20,428,114,542,562
"2022-03-30","普陀区",1,3,2,111,29,6,140,146,2,20,4,26,539,143,682,708
"2022-03-31","普陀区",0,4,2,5,4,6,9,15,2,24,6,32,544,147,691,723
"2022-04-01","普陀区",2,11,0,198,34,13,232,245,4,35,6,45,742,181,923,968
"2022-04-02","普陀区",0,35,4,290,59,39,349,388,4,70,10,84,1032,240,1272,1356
"2022-04-03","普陀区",0,21,0,243,57,21,300,321,4,91,10,105,1275,297,1572,1677
"2022-04-04","普陀区",1,3,0,240,10,4,250,254,5,94,10,109,1515,307,1822,1931
"2022-04-05","普陀区",0,6,1,467,9,7,476,483,5,100,11,116,1982,316,2298,2414
"2022-04-06","普陀区",1,26,0,990,16,27,1006,1033,6,126,11,143,2972,332,3304,3447
"2022-04-07","普陀区",0,6,5,925,21,11,946,957,6,132,16,154,3897,353,4250,4404
"2022-04-08","普陀区",1,8,12,1026,47,21,1073,1094,7,140,28,175,4923,400,5323,5498
"2022-04-09","普陀区",0,20,4,614,15,24,629,653,7,160,32,199,5537,415,5952,6151
"2022-04-10","普陀区",0,6,1,942,52,7,994,1001,7,166,33,206,6479,467,6946,7152
"2022-04-11","普陀区",0,16,21,1815,26,37,1841,1878,7,182,54,243,8294,493,8787,9030
"2022-04-12","普陀区",30,19,1,1057,63,50,1120,1170,37,201,55,293,9351,556,9907,10200
"2022-04-13","普陀区",32,11,2,401,29,45,430,475,69,212,57,338,9752,585,10337,10675
"2022-04-14","普陀区",27,18,0,208,11,45,219,264,96,230,57,383,9960,596,10556,10939
"2022-04-15","普陀区",44,21,1,341,19,66,360,426,140,251,58,449,10301,615,10916,11365
"2022-04-16","普陀区",123,21,1,1163,23,145,1186,1331,263,272,59,594,11464,638,12102,12696
"2022-04-17","普陀区",69,15,246,878,17,330,895,1225,332,287,305,924,12342,655,12997,13921
"2022-03-10","青浦区",1,0,0,4,0,1,4,5,1,0,0,1,4,0,4,5
"2022-03-11","青浦区",0,0,0,1,0,0,1,1,1,0,0,1,5,0,5,6
"2022-03-13","青浦区",0,0,2,1,1,2,2,4,1,0,2,3,6,1,7,10
"2022-03-15","青浦区",0,0,0,3,3,0,6,6,1,0,2,3,9,4,13,16
"2022-03-16","青浦区",0,0,0,1,0,0,1,1,1,0,2,3,10,4,14,17
"2022-03-17","青浦区",0,0,0,0,1,0,1,1,1,0,2,3,10,5,15,18
"2022-03-18","青浦区",0,0,0,1,15,0,16,16,1,0,2,3,11,20,31,34
"2022-03-19","青浦区",0,0,0,0,5,0,5,5,1,0,2,3,11,25,36,39
"2022-03-20","青浦区",0,0,0,4,0,0,4,4,1,0,2,3,15,25,40,43
"2022-03-21","青浦区",0,0,0,4,1,0,5,5,1,0,2,3,19,26,45,48
"2022-03-22","青浦区",0,0,0,19,1,0,20,20,1,0,2,3,38,27,65,68
"2022-03-23","青浦区",0,0,0,10,0,0,10,10,1,0,2,3,48,27,75,78
"2022-03-24","青浦区",0,0,0,13,0,0,13,13,1,0,2,3,61,27,88,91
"2022-03-25","青浦区",0,0,0,13,0,0,13,13,1,0,2,3,74,27,101,104
"2022-03-26","青浦区",0,0,0,20,2,0,22,22,1,0,2,3,94,29,123,126
"2022-03-27","青浦区",0,0,0,35,8,0,43,43,1,0,2,3,129,37,166,169
"2022-03-28","青浦区",0,2,0,51,4,2,55,57,1,2,2,5,180,41,221,226
"2022-03-29","青浦区",0,0,0,85,2,0,87,87,1,2,2,5,265,43,308,313
"2022-03-30","青浦区",0,3,2,63,9,5,72,77,1,5,4,10,328,52,380,390
"2022-03-31","青浦区",0,0,1,73,21,1,94,95,1,5,5,11,401,73,474,485
"2022-04-01","青浦区",0,0,0,76,11,0,87,87,1,5,5,11,477,84,561,572
"2022-04-02","青浦区",0,3,0,192,36,3,228,231,1,8,5,14,669,120,789,803
"2022-04-03","青浦区",0,2,1,224,5,3,229,232,1,10,6,17,893,125,1018,1035
"2022-04-04","青浦区",0,1,0,309,4,1,313,314,1,11,6,18,1202,129,1331,1349
"2022-04-05","青浦区",0,6,0,376,2,6,378,384,1,17,6,24,1578,131,1709,1733
"2022-04-06","青浦区",0,4,0,464,2,4,466,470,1,21,6,28,2042,133,2175,2203
"2022-04-07","青浦区",0,0,4,486,3,4,489,493,1,21,10,32,2528,136,2664,2696
"2022-04-08","青浦区",9,7,8,316,2,24,318,342,10,28,18,56,2844,138,2982,3038
"2022-04-09","青浦区",0,2,7,547,1,9,548,557,10,30,25,65,3391,139,3530,3595
"2022-04-10","青浦区",0,1,0,868,8,1,876,877,10,31,25,66,4259,147,4406,4472
"2022-04-11","青浦区",0,3,4,316,8,7,324,331,10,34,29,73,4575,155,4730,4803
"2022-04-12","青浦区",53,7,1,456,7,61,463,524,63,41,30,134,5031,162,5193,5327
"2022-04-13","青浦区",53,5,41,219,1,99,220,319,116,46,71,233,5250,163,5413,5646
"2022-04-14","青浦区",122,6,0,172,4,128,176,304,238,52,71,361,5422,167,5589,5950
"2022-04-15","青浦区",121,9,1,394,11,131,405,536,359,61,72,492,5816,178,5994,6486
"2022-04-16","青浦区",41,3,2,256,3,46,259,305,400,64,74,538,6072,181,6253,6791
"2022-04-17","青浦区",14,2,1,345,7,17,352,369,414,66,75,555,6417,188,6605,7160
"2022-03-09","松江区",0,0,0,9,0,0,9,9,0,0,0,0,9,0,9,9
"2022-03-10","松江区",0,0,0,8,0,0,8,8,0,0,0,0,17,0,17,17
"2022-03-11","松江区",0,0,0,4,1,0,5,5,0,0,0,0,21,1,22,22
"2022-03-12","松江区",0,0,0,1,0,0,1,1,0,0,0,0,22,1,23,23
"2022-03-13","松江区",0,1,0,5,2,1,7,8,0,1,0,1,27,3,30,31
"2022-03-14","松江区",0,1,0,9,0,1,9,10,0,2,0,2,36,3,39,41
"2022-03-15","松江区",0,0,0,6,4,0,10,10,0,2,0,2,42,7,49,51
"2022-03-16","松江区",0,0,0,4,0,0,4,4,0,2,0,2,46,7,53,55
"2022-03-17","松江区",0,0,0,9,1,0,10,10,0,2,0,2,55,8,63,65
"2022-03-18","松江区",1,0,0,7,5,1,12,13,1,2,0,3,62,13,75,78
"2022-03-19","松江区",0,0,0,13,3,0,16,16,1,2,0,3,75,16,91,94
"2022-03-20","松江区",0,0,0,7,2,0,9,9,1,2,0,3,82,18,100,103
"2022-03-21","松江区",1,0,0,30,8,1,38,39,2,2,0,4,112,26,138,142
"2022-03-22","松江区",0,0,0,31,0,0,31,31,2,2,0,4,143,26,169,173
"2022-03-23","松江区",0,0,0,32,2,0,34,34,2,2,0,4,175,28,203,207
"2022-03-24","松江区",0,0,0,83,9,0,92,92,2,2,0,4,258,37,295,299
"2022-03-25","松江区",0,1,0,13,1,1,14,15,2,3,0,5,271,38,309,314
"2022-03-26","松江区",0,0,0,70,9,0,79,79,2,3,0,5,341,47,388,393
"2022-03-27","松江区",0,1,0,174,15,1,189,190,2,4,0,6,515,62,577,583
"2022-03-28","松江区",0,2,2,81,9,4,90,94,2,6,2,10,596,71,667,677
"2022-03-29","松江区",2,13,0,210,4,15,214,229,4,19,2,25,806,75,881,906
"2022-03-30","松江区",1,6,1,211,27,8,238,246,5,25,3,33,1017,102,1119,1152
"2022-03-31","松江区",0,4,1,146,33,5,179,184,5,29,4,38,1163,135,1298,1336
"2022-04-01","松江区",0,19,0,453,21,19,474,493,5,48,4,57,1616,156,1772,1829
"2022-04-02","松江区",1,3,4,548,11,8,559,567,6,51,8,65,2164,167,2331,2396
"2022-04-03","松江区",0,0,6,234,23,6,257,263,6,51,14,71,2398,190,2588,2659
"2022-04-04","松江区",1,5,0,544,9,6,553,559,7,56,14,77,2942,199,3141,3218
"2022-04-05","松江区",1,8,5,750,32,14,782,796,8,64,19,91,3692,231,3923,4014
"2022-04-06","松江区",1,1,0,775,4,2,779,781,9,65,19,93,4467,235,4702,4795
"2022-04-07","松江区",93,2,12,638,6,107,644,751,102,67,31,200,5105,241,5346,5546
"2022-04-08","松江区",87,4,17,648,15,108,663,771,189,71,48,308,5753,256,6009,6317
"2022-04-09","松江区",0,1,9,482,8,10,490,500,189,72,57,318,6235,264,6499,6817
"2022-04-10","松江区",282,9,0,1530,4,291,1534,1825,471,81,57,609,7765,268,8033,8642
"2022-04-11","松江区",13,3,5,658,12,21,670,691,484,84,62,630,8423,280,8703,9333
"2022-04-12","松江区",73,3,1,629,6,77,635,712,557,87,63,707,9052,286,9338,10045
"2022-04-13","松江区",122,4,5,519,7,131,526,657,679,91,68,838,9571,293,9864,10702
"2022-04-14","松江区",174,4,0,577,6,178,583,761,853,95,68,1016,10148,299,10447,11463
"2022-04-15","松江区",195,3,0,567,8,198,575,773,1048,98,68,1214,10715,307,11022,12236
"2022-04-16","松江区",83,3,1,322,1,87,323,410,1131,101,69,1301,11037,308,11345,12646
"2022-04-17","松江区",150,0,3,744,8,153,752,905,1281,101,72,1454,11781,316,12097,13551
"2022-03-09","徐汇区",0,0,0,6,0,0,6,6,0,0,0,0,6,0,6,6
"2022-03-10","徐汇区",0,0,0,6,1,0,7,7,0,0,0,0,12,1,13,13
"2022-03-11","徐汇区",2,0,0,6,4,2,10,12,2,0,0,2,18,5,23,25
"2022-03-12","徐汇区",0,0,0,1,0,0,1,1,2,0,0,2,19,5,24,26
"2022-03-13","徐汇区",0,4,0,8,6,4,14,18,2,4,0,6,27,11,38,44
"2022-03-14","徐汇区",2,0,0,10,1,2,11,13,4,4,0,8,37,12,49,57
"2022-03-15","徐汇区",1,0,0,13,10,1,23,24,5,4,0,9,50,22,72,81
"2022-03-16","徐汇区",0,2,0,0,5,2,5,7,5,6,0,11,50,27,77,88
"2022-03-17","徐汇区",0,8,0,9,19,8,28,36,5,14,0,19,59,46,105,124
"2022-03-18","徐汇区",0,1,0,17,22,1,39,40,5,15,0,20,76,68,144,164
"2022-03-19","徐汇区",0,0,0,20,41,0,61,61,5,15,0,20,96,109,205,225
"2022-03-20","徐汇区",0,1,0,39,6,1,45,46,5,16,0,21,135,115,250,271
"2022-03-21","徐汇区",4,0,0,107,19,4,126,130,9,16,0,25,242,134,376,401
"2022-03-22","徐汇区",1,1,0,77,8,2,85,87,10,17,0,27,319,142,461,488
"2022-03-23","徐汇区",0,0,0,99,7,0,106,106,10,17,0,27,418,149,567,594
"2022-03-24","徐汇区",0,2,0,143,22,2,165,167,10,19,0,29,561,171,732,761
"2022-03-25","徐汇区",0,1,0,2,0,1,2,3,10,20,0,30,563,171,734,764
"2022-03-26","徐汇区",1,4,0,291,35,5,326,331,11,24,0,35,854,206,1060,1095
"2022-03-27","徐汇区",0,6,0,218,53,6,271,277,11,30,0,41,1072,259,1331,1372
"2022-03-28","徐汇区",0,5,1,60,25,6,85,91,11,35,1,47,1132,284,1416,1463
"2022-03-29","徐汇区",5,25,4,968,98,34,1066,1100,16,60,5,81,2100,382,2482,2563
"2022-03-30","徐汇区",0,15,0,294,95,15,389,404,16,75,5,96,2394,477,2871,2967
"2022-03-31","徐汇区",1,17,2,184,22,20,206,226,17,92,7,116,2578,499,3077,3193
"2022-04-01","徐汇区",2,35,0,385,217,37,602,639,19,127,7,153,2963,716,3679,3832
"2022-04-02","徐汇区",2,35,7,744,254,44,998,1042,21,162,14,197,3707,970,4677,4874
"2022-04-03","徐汇区",0,27,7,393,72,34,465,499,21,189,21,231,4100,1042,5142,5373
"2022-04-04","徐汇区",0,8,0,1193,28,8,1221,1229,21,197,21,239,5293,1070,6363,6602
"2022-04-05","徐汇区",1,19,3,827,70,23,897,920,22,216,24,262,6120,1140,7260,7522
"2022-04-06","徐汇区",0,16,3,1059,29,19,1088,1107,22,232,27,281,7179,1169,8348,8629
"2022-04-07","徐汇区",0,12,31,2022,11,43,2033,2076,22,244,58,324,9201,1180,10381,10705
"2022-04-08","徐汇区",56,20,38,1314,201,114,1515,1629,78,264,96,438,10515,1381,11896,12334
"2022-04-09","徐汇区",0,28,16,1056,50,44,1106,1150,78,292,112,482,11571,1431,13002,13484
"2022-04-10","徐汇区",18,26,2,2922,235,46,3157,3203,96,318,114,528,14493,1666,16159,16687
"2022-04-11","徐汇区",3,14,31,1678,45,48,1723,1771,99,332,145,576,16171,1711,17882,18458
"2022-04-12","徐汇区",41,14,1,1020,32,56,1052,1108,140,346,146,632,17191,1743,18934,19566
"2022-04-13","徐汇区",124,18,1,1320,29,143,1349,1492,264,364,147,775,18511,1772,20283,21058
"2022-04-14","徐汇区",126,46,121,984,65,293,1049,1342,390,410,268,1068,19495,1837,21332,22400
"2022-04-15","徐汇区",91,17,169,1388,24,277,1412,1689,481,427,437,1345,20883,1861,22744,24089
"2022-04-16","徐汇区",142,27,1,1342,20,170,1362,1532,623,454,438,1515,22225,1881,24106,25621
"2022-04-17","徐汇区",46,14,107,1346,40,167,1386,1553,669,468,545,1682,23571,1921,25492,27174
"2022-03-09","杨浦区",0,0,0,0,1,0,1,1,0,0,0,0,0,1,1,1
"2022-03-13","杨浦区",0,0,0,1,2,0,3,3,0,0,0,0,1,3,4,4
"2022-03-14","杨浦区",0,0,0,0,1,0,1,1,0,0,0,0,1,4,5,5
"2022-03-15","杨浦区",0,0,0,1,1,0,2,2,0,0,0,0,2,5,7,7
"2022-03-16","杨浦区",0,0,0,0,2,0,2,2,0,0,0,0,2,7,9,9
"2022-03-17","杨浦区",0,0,0,2,0,0,2,2,0,0,0,0,4,7,11,11
"2022-03-18","杨浦区",0,0,0,3,5,0,8,8,0,0,0,0,7,12,19,19
"2022-03-19","杨浦区",0,0,0,12,2,0,14,14,0,0,0,0,19,14,33,33
"2022-03-20","杨浦区",0,0,0,6,2,0,8,8,0,0,0,0,25,16,41,41
"2022-03-21","杨浦区",0,0,0,9,1,0,10,10,0,0,0,0,34,17,51,51
"2022-03-22","杨浦区",0,0,0,2,1,0,3,3,0,0,0,0,36,18,54,54
"2022-03-23","杨浦区",0,0,0,7,4,0,11,11,0,0,0,0,43,22,65,65
"2022-03-24","杨浦区",0,1,0,17,3,1,20,21,0,1,0,1,60,25,85,86
"2022-03-25","杨浦区",0,0,0,11,0,0,11,11,0,1,0,1,71,25,96,97
"2022-03-26","杨浦区",1,1,0,13,8,2,21,23,1,2,0,3,84,33,117,120
"2022-03-27","杨浦区",0,0,0,26,9,0,35,35,1,2,0,3,110,42,152,155
"2022-03-28","杨浦区",0,0,0,41,6,0,47,47,1,2,0,3,151,48,199,202
"2022-03-29","杨浦区",0,3,0,88,8,3,96,99,1,5,0,6,239,56,295,301
"2022-03-30","杨浦区",1,2,0,91,6,3,97,100,2,7,0,9,330,62,392,401
"2022-03-31","杨浦区",0,3,2,156,13,5,169,174,2,10,2,14,486,75,561,575
"2022-04-01","杨浦区",0,10,1,106,17,11,123,134,2,20,3,25,592,92,684,709
"2022-04-02","杨浦区",0,16,3,233,22,19,255,274,2,36,6,44,825,114,939,983
"2022-04-03","杨浦区",0,29,1,314,30,30,344,374,2,65,7,74,1139,144,1283,1357
"2022-04-04","杨浦区",1,9,0,200,10,10,210,220,3,74,7,84,1339,154,1493,1577
"2022-04-05","杨浦区",0,10,1,586,26,11,612,623,3,84,8,95,1925,180,2105,2200
"2022-04-06","杨浦区",3,9,0,598,20,12,618,630,6,93,8,107,2523,200,2723,2830
"2022-04-07","杨浦区",0,8,21,559,13,29,572,601,6,101,29,136,3082,213,3295,3431
"2022-04-08","杨浦区",0,5,7,671,18,12,689,701,6,106,36,148,3753,231,3984,4132
"2022-04-09","杨浦区",0,19,13,1040,8,32,1048,1080,6,125,49,180,4793,239,5032,5212
"2022-04-10","杨浦区",54,7,0,1804,12,61,1816,1877,60,132,49,241,6597,251,6848,7089
"2022-04-11","杨浦区",0,12,18,1382,8,30,1390,1420,60,144,67,271,7979,259,8238,8509
"2022-04-12","杨浦区",52,8,0,1091,8,60,1099,1159,112,152,67,331,9070,267,9337,9668
"2022-04-13","杨浦区",51,3,0,1130,1,54,1131,1185,163,155,67,385,10200,268,10468,10853
"2022-04-14","杨浦区",46,1,1,767,2,48,769,817,209,156,68,433,10967,270,11237,11670
"2022-04-15","杨浦区",124,4,147,1134,2,275,1136,1411,333,160,215,708,12101,272,12373,13081
"2022-04-16","杨浦区",78,5,1,775,1,84,776,860,411,165,216,792,12876,273,13149,13941
"2022-04-17","杨浦区",15,6,5,856,5,26,861,887,426,171,221,818,13732,278,14010,14828
"2022-03-09","长宁区",0,0,0,0,1,0,1,1,0,0,0,0,0,1,1,1
"2022-03-10","长宁区",0,0,0,1,0,0,1,1,0,0,0,0,1,1,2,2
"2022-03-11","长宁区",0,0,0,1,0,0,1,1,0,0,0,0,2,1,3,3
"2022-03-12","长宁区",0,0,0,1,2,0,3,3,0,0,0,0,3,3,6,6
"2022-03-13","长宁区",1,1,0,2,0,2,2,4,1,1,0,2,5,3,8,10
"2022-03-14","长宁区",0,0,0,1,0,0,1,1,1,1,0,2,6,3,9,11
"2022-03-15","长宁区",0,0,0,3,1,0,4,4,1,1,0,2,9,4,13,15
"2022-03-16","长宁区",0,0,0,4,0,0,4,4,1,1,0,2,13,4,17,19
"2022-03-17","长宁区",0,0,0,0,1,0,1,1,1,1,0,2,13,5,18,20
"2022-03-18","长宁区",0,0,0,2,5,0,7,7,1,1,0,2,15,10,25,27
"2022-03-19","长宁区",0,0,0,0,12,0,12,12,1,1,0,2,15,22,37,39
"2022-03-20","长宁区",0,1,0,11,1,1,12,13,1,2,0,3,26,23,49,52
"2022-03-21","长宁区",0,0,0,23,3,0,26,26,1,2,0,3,49,26,75,78
"2022-03-22","长宁区",0,0,0,16,3,0,19,19,1,2,0,3,65,29,94,97
"2022-03-23","长宁区",0,0,0,9,2,0,11,11,1,2,0,3,74,31,105,108
"2022-03-24","长宁区",0,0,0,48,11,0,59,59,1,2,0,3,122,42,164,167
"2022-03-25","长宁区",0,0,0,2,2,0,4,4,1,2,0,3,124,44,168,171
"2022-03-26","长宁区",0,2,0,20,7,2,27,29,1,4,0,5,144,51,195,200
"2022-03-27","长宁区",0,0,0,41,4,0,45,45,1,4,0,5,185,55,240,245
"2022-03-28","长宁区",0,7,0,99,9,7,108,115,1,11,0,12,284,64,348,360
"2022-03-29","长宁区",1,2,0,27,0,3,27,30,2,13,0,15,311,64,375,390
"2022-03-30","长宁区",0,2,6,108,12,8,120,128,2,15,6,23,419,76,495,518
"2022-03-31","长宁区",0,42,1,179,34,43,213,256,2,57,7,66,598,110,708,774
"2022-04-01","长宁区",0,0,0,32,5,0,37,37,2,57,7,66,630,115,745,811
"2022-04-02","长宁区",0,3,4,81,12,7,93,100,2,60,11,73,711,127,838,911
"2022-04-03","长宁区",1,13,0,84,6,14,90,104,3,73,11,87,795,133,928,1015
"2022-04-04","长宁区",0,1,0,30,2,1,32,33,3,74,11,88,825,135,960,1048
"2022-04-05","长宁区",0,5,1,73,5,6,78,84,3,79,12,94,898,140,1038,1132
"2022-04-06","长宁区",0,30,1,305,14,31,319,350,3,109,13,125,1203,154,1357,1482
"2022-04-07","长宁区",0,11,18,812,11,29,823,852,3,120,31,154,2015,165,2180,2334
"2022-04-08","长宁区",0,9,11,591,3,20,594,614,3,129,42,174,2606,168,2774,2948
"2022-04-09","长宁区",6,17,3,716,15,26,731,757,9,146,45,200,3322,183,3505,3705
"2022-04-10","长宁区",0,4,1,376,6,5,382,387,9,150,46,205,3698,189,3887,4092
"2022-04-11","长宁区",9,5,11,364,4,25,368,393,18,155,57,230,4062,193,4255,4485
"2022-04-12","长宁区",68,22,0,1036,7,90,1043,1133,86,177,57,320,5098,200,5298,5618
"2022-04-13","长宁区",94,11,0,841,11,105,852,957,180,188,57,425,5939,211,6150,6575
"2022-04-14","长宁区",135,13,0,837,13,148,850,998,315,201,57,573,6776,224,7000,7573
"2022-04-15","长宁区",55,43,135,486,33,233,519,752,370,244,192,806,7262,257,7519,8325
"2022-04-16","长宁区",113,11,3,566,13,127,579,706,483,255,195,933,7828,270,8098,9031
"2022-04-17","长宁区",46,16,0,658,19,62,677,739,529,271,195,995,8486,289,8775,9770
